 &plot nbnd=  17, nks=   201 /
            0.000000  0.000000  1.000000
 -117.682  -71.836  -71.836  -71.836   -4.604    0.931    1.265    1.265    1.479    1.622
    2.728    5.062    5.062   10.676   11.301   18.026   19.038
            0.000000  0.000000  0.975000
 -117.682  -71.836  -71.836  -71.836   -4.606    0.931    1.263    1.263    1.479    1.618
    2.736    5.064    5.064   10.679   11.303   18.012   19.013
            0.000000  0.000000  0.950000
 -117.682  -71.836  -71.836  -71.836   -4.613    0.930    1.261    1.261    1.478    1.608
    2.761    5.073    5.073   10.688   11.311   17.973   18.944
            0.000000  0.000000  0.925000
 -117.682  -71.836  -71.836  -71.836   -4.624    0.929    1.258    1.258    1.478    1.593
    2.800    5.086    5.086   10.703   11.324   17.909   18.836
            0.000000  0.000000  0.900000
 -117.682  -71.836  -71.836  -71.836   -4.639    0.928    1.253    1.253    1.477    1.575
    2.854    5.106    5.106   10.724   11.343   17.822   18.700
            0.000000  0.000000  0.875000
 -117.682  -71.836  -71.836  -71.836   -4.658    0.927    1.247    1.247    1.476    1.553
    2.920    5.130    5.130   10.751   11.366   17.716   18.542
            0.000000  0.000000  0.850000
 -117.682  -71.836  -71.836  -71.836   -4.681    0.925    1.241    1.241    1.474    1.531
    2.996    5.160    5.160   10.784   11.394   17.594   18.369
            0.000000  0.000000  0.825000
 -117.682  -71.836  -71.836  -71.836   -4.708    0.923    1.232    1.232    1.473    1.508
    3.082    5.195    5.195   10.822   11.426   17.459   18.187
            0.000000  0.000000  0.800000
 -117.682  -71.836  -71.836  -71.836   -4.738    0.921    1.223    1.223    1.471    1.487
    3.175    5.235    5.235   10.867   11.461   17.315   17.998
            0.000000  0.000000  0.775000
 -117.682  -71.836  -71.836  -71.836   -4.771    0.919    1.214    1.214    1.466    1.469
    3.275    5.279    5.279   10.917   11.499   17.164   17.805
            0.000000  0.000000  0.750000
 -117.682  -71.836  -71.836  -71.836   -4.807    0.916    1.203    1.203    1.448    1.468
    3.381    5.328    5.328   10.972   11.540   17.011   17.610
            0.000000  0.000000  0.725000
 -117.682  -71.836  -71.836  -71.836   -4.845    0.914    1.192    1.192    1.432    1.466
    3.493    5.381    5.381   11.033   11.580   16.857   17.414
            0.000000  0.000000  0.700000
 -117.682  -71.836  -71.836  -71.836   -4.886    0.912    1.180    1.180    1.419    1.464
    3.609    5.439    5.439   11.099   11.620   16.707   17.218
            0.000000  0.000000  0.675000
 -117.682  -71.836  -71.836  -71.836   -4.928    0.909    1.168    1.168    1.407    1.461
    3.730    5.500    5.500   11.170   11.658   16.563   17.023
            0.000000  0.000000  0.650000
 -117.682  -71.836  -71.836  -71.836   -4.972    0.907    1.155    1.155    1.397    1.459
    3.854    5.565    5.565   11.245   11.691   16.430   16.830
            0.000000  0.000000  0.625000
 -117.682  -71.836  -71.836  -71.836   -5.017    0.905    1.142    1.142    1.389    1.456
    3.981    5.633    5.633   11.326   11.717   16.310   16.639
            0.000000  0.000000  0.600000
 -117.682  -71.836  -71.836  -71.836   -5.063    0.903    1.129    1.129    1.383    1.454
    4.112    5.704    5.704   11.410   11.734   16.206   16.449
            0.000000  0.000000  0.575000
 -117.682  -71.836  -71.836  -71.836   -5.110    0.902    1.117    1.117    1.379    1.451
    4.245    5.778    5.778   11.498   11.740   16.122   16.264
            0.000000  0.000000  0.550000
 -117.682  -71.836  -71.836  -71.836   -5.157    0.902    1.104    1.104    1.376    1.449
    4.381    5.855    5.855   11.588   11.734   16.062   16.081
            0.000000  0.000000  0.525000
 -117.682  -71.836  -71.836  -71.836   -5.203    0.901    1.091    1.091    1.374    1.445
    4.519    5.933    5.933   11.660   11.732   15.900   15.900
            0.000000  0.000000  0.500000
 -117.682  -71.836  -71.836  -71.836   -5.250    0.901    1.078    1.078    1.372    1.443
    4.659    6.013    6.013   11.644   11.805   15.725   15.725
            0.000000  0.000000  0.475000
 -117.682  -71.836  -71.836  -71.836   -5.295    0.902    1.066    1.066    1.373    1.440
    4.802    6.094    6.094   11.585   11.905   15.553   15.553
            0.000000  0.000000  0.450000
 -117.682  -71.836  -71.836  -71.836   -5.340    0.903    1.055    1.055    1.374    1.437
    4.946    6.177    6.177   11.506   12.012   15.386   15.386
            0.000000  0.000000  0.425000
 -117.682  -71.836  -71.836  -71.836   -5.384    0.905    1.043    1.043    1.375    1.436
    5.091    6.260    6.260   11.408   12.122   15.223   15.223
            0.000000  0.000000  0.400000
 -117.682  -71.836  -71.836  -71.836   -5.426    0.907    1.031    1.031    1.378    1.433
    5.239    6.342    6.342   11.294   12.235   15.065   15.065
            0.000000  0.000000  0.375000
 -117.682  -71.836  -71.836  -71.836   -5.467    0.909    1.020    1.020    1.380    1.430
    5.387    6.424    6.424   11.166   12.350   14.913   14.913
            0.000000  0.000000  0.350000
 -117.682  -71.836  -71.836  -71.836   -5.506    0.911    1.011    1.011    1.382    1.428
    5.536    6.506    6.506   11.027   12.467   14.766   14.766
            0.000000  0.000000  0.325000
 -117.682  -71.836  -71.836  -71.836   -5.543    0.914    1.001    1.001    1.385    1.425
    5.686    6.586    6.586   10.878   12.584   14.627   14.627
            0.000000  0.000000  0.300000
 -117.682  -71.836  -71.836  -71.836   -5.578    0.916    0.992    0.992    1.388    1.423
    5.837    6.663    6.663   10.722   12.702   14.493   14.493
            0.000000  0.000000  0.275000
 -117.682  -71.836  -71.836  -71.836   -5.610    0.919    0.983    0.983    1.390    1.421
    5.987    6.738    6.738   10.562   12.819   14.367   14.367
            0.000000  0.000000  0.250000
 -117.682  -71.836  -71.836  -71.836   -5.641    0.922    0.975    0.975    1.393    1.419
    6.137    6.810    6.810   10.398   12.934   14.250   14.250
            0.000000  0.000000  0.225000
 -117.682  -71.836  -71.836  -71.836   -5.668    0.925    0.968    0.968    1.395    1.417
    6.286    6.877    6.877   10.234   13.046   14.141   14.141
            0.000000  0.000000  0.200000
 -117.682  -71.836  -71.836  -71.836   -5.694    0.927    0.962    0.962    1.398    1.415
    6.432    6.941    6.941   10.072   13.153   14.041   14.041
            0.000000  0.000000  0.175000
 -117.682  -71.836  -71.836  -71.836   -5.716    0.930    0.957    0.957    1.400    1.414
    6.574    6.998    6.998    9.913   13.255   13.951   13.951
            0.000000  0.000000  0.150000
 -117.682  -71.836  -71.836  -71.836   -5.736    0.932    0.952    0.952    1.402    1.412
    6.711    7.050    7.050    9.760   13.348   13.871   13.871
            0.000000  0.000000  0.125000
 -117.682  -71.836  -71.836  -71.836   -5.752    0.934    0.948    0.948    1.405    1.411
    6.839    7.095    7.095    9.617   13.432   13.803   13.803
            0.000000  0.000000  0.100000
 -117.682  -71.836  -71.836  -71.836   -5.766    0.935    0.945    0.945    1.406    1.410
    6.956    7.133    7.133    9.488   13.505   13.746   13.746
            0.000000  0.000000  0.075000
 -117.682  -71.836  -71.836  -71.836   -5.777    0.937    0.942    0.942    1.407    1.409
    7.056    7.163    7.163    9.378   13.563   13.701   13.701
            0.000000  0.000000  0.050000
 -117.682  -71.836  -71.836  -71.836   -5.784    0.938    0.940    0.940    1.408    1.409
    7.134    7.184    7.184    9.292   13.607   13.668   13.668
            0.000000  0.000000  0.025000
 -117.682  -71.836  -71.836  -71.836   -5.789    0.938    0.939    0.939    1.408    1.408
    7.185    7.197    7.197    9.238   13.633   13.649   13.649
            0.000000  0.000000  0.000000
 -117.682  -71.836  -71.836  -71.836   -5.791    0.938    0.938    0.938    1.408    1.408
    7.202    7.202    7.202    9.219   13.642   13.642   13.642
           -0.012500  0.012500  0.012500
 -117.682  -71.836  -71.836  -71.836   -5.789    0.938    0.939    0.939    1.408    1.408
    7.185    7.200    7.200    9.233   13.640   13.645   13.645
           -0.025000  0.025000  0.025000
 -117.682  -71.836  -71.836  -71.836   -5.786    0.939    0.939    0.939    1.409    1.409
    7.137    7.196    7.196    9.274   13.632   13.654   13.654
           -0.037500  0.037500  0.037500
 -117.682  -71.836  -71.836  -71.836   -5.780    0.939    0.940    0.940    1.408    1.408
    7.061    7.188    7.188    9.338   13.621   13.667   13.667
           -0.050000  0.050000  0.050000
 -117.682  -71.836  -71.836  -71.836   -5.772    0.939    0.942    0.942    1.409    1.409
    6.962    7.178    7.178    9.420   13.606   13.686   13.686
           -0.062500  0.062500  0.062500
 -117.682  -71.836  -71.836  -71.836   -5.762    0.939    0.944    0.944    1.408    1.408
    6.845    7.164    7.164    9.514   13.589   13.710   13.710
           -0.075000  0.075000  0.075000
 -117.682  -71.836  -71.836  -71.836   -5.749    0.939    0.946    0.946    1.408    1.408
    6.713    7.148    7.148    9.617   13.571   13.739   13.739
           -0.087500  0.087500  0.087500
 -117.682  -71.836  -71.836  -71.836   -5.735    0.939    0.949    0.949    1.408    1.408
    6.570    7.130    7.130    9.725   13.554   13.771   13.771
           -0.100000  0.100000  0.100000
 -117.682  -71.836  -71.836  -71.836   -5.718    0.939    0.952    0.952    1.407    1.407
    6.419    7.109    7.109    9.833   13.540   13.807   13.807
           -0.112500  0.112500  0.112500
 -117.682  -71.836  -71.836  -71.836   -5.699    0.940    0.955    0.955    1.407    1.407
    6.262    7.085    7.085    9.941   13.531   13.846   13.846
           -0.125000  0.125000  0.125000
 -117.682  -71.836  -71.836  -71.836   -5.678    0.941    0.958    0.958    1.407    1.407
    6.101    7.060    7.060   10.044   13.528   13.888   13.888
           -0.137500  0.137500  0.137500
 -117.682  -71.836  -71.836  -71.836   -5.656    0.944    0.962    0.962    1.406    1.406
    5.936    7.034    7.034   10.142   13.535   13.930   13.930
           -0.150000  0.150000  0.150000
 -117.682  -71.836  -71.836  -71.836   -5.631    0.946    0.966    0.966    1.407    1.407
    5.769    7.005    7.005   10.233   13.550   13.974   13.974
           -0.162500  0.162500  0.162500
 -117.682  -71.836  -71.836  -71.836   -5.605    0.949    0.971    0.971    1.407    1.407
    5.600    6.976    6.976   10.315   13.576   14.017   14.017
           -0.175000  0.175000  0.175000
 -117.682  -71.836  -71.836  -71.836   -5.577    0.952    0.975    0.975    1.406    1.406
    5.430    6.945    6.945   10.388   13.615   14.059   14.059
           -0.187500  0.187500  0.187500
 -117.682  -71.836  -71.836  -71.836   -5.548    0.956    0.979    0.979    1.407    1.407
    5.260    6.914    6.914   10.451   13.665   14.100   14.100
           -0.200000  0.200000  0.200000
 -117.682  -71.836  -71.836  -71.836   -5.517    0.961    0.984    0.984    1.407    1.407
    5.090    6.882    6.882   10.504   13.729   14.137   14.137
           -0.212500  0.212500  0.212500
 -117.682  -71.836  -71.836  -71.836   -5.486    0.967    0.989    0.989    1.407    1.407
    4.920    6.849    6.849   10.546   13.805   14.172   14.172
           -0.225000  0.225000  0.225000
 -117.682  -71.836  -71.836  -71.836   -5.453    0.975    0.993    0.993    1.408    1.408
    4.752    6.817    6.817   10.579   13.894   14.202   14.202
           -0.237500  0.237500  0.237500
 -117.682  -71.836  -71.836  -71.836   -5.419    0.984    0.998    0.998    1.409    1.409
    4.585    6.784    6.784   10.603   13.994   14.228   14.228
           -0.250000  0.250000  0.250000
 -117.682  -71.836  -71.836  -71.836   -5.385    0.994    1.002    1.002    1.410    1.410
    4.420    6.751    6.751   10.619   14.102   14.249   14.249
           -0.262500  0.262500  0.262500
 -117.682  -71.836  -71.836  -71.836   -5.351    1.005    1.007    1.007    1.411    1.411
    4.257    6.719    6.719   10.628   14.220   14.266   14.266
           -0.275000  0.275000  0.275000
 -117.682  -71.836  -71.836  -71.836   -5.316    1.011    1.011    1.019    1.412    1.412
    4.096    6.688    6.688   10.632   14.277   14.277   14.344
           -0.287500  0.287500  0.287500
 -117.682  -71.836  -71.836  -71.836   -5.281    1.015    1.015    1.035    1.413    1.413
    3.938    6.657    6.657   10.630   14.284   14.284   14.473
           -0.300000  0.300000  0.300000
 -117.682  -71.836  -71.836  -71.836   -5.246    1.019    1.019    1.052    1.415    1.415
    3.783    6.627    6.627   10.625   14.287   14.287   14.606
           -0.312500  0.312500  0.312500
 -117.682  -71.836  -71.836  -71.836   -5.211    1.022    1.022    1.072    1.416    1.416
    3.632    6.598    6.598   10.617   14.286   14.286   14.741
           -0.325000  0.325000  0.325000
 -117.682  -71.836  -71.836  -71.836   -5.178    1.026    1.026    1.094    1.418    1.418
    3.484    6.571    6.571   10.607   14.282   14.282   14.876
           -0.337500  0.337500  0.337500
 -117.682  -71.836  -71.836  -71.836   -5.145    1.029    1.029    1.119    1.420    1.420
    3.340    6.545    6.545   10.595   14.275   14.275   15.009
           -0.350000  0.350000  0.350000
 -117.682  -71.836  -71.836  -71.836   -5.113    1.032    1.032    1.147    1.423    1.423
    3.200    6.520    6.520   10.583   14.266   14.266   15.140
           -0.362500  0.362500  0.362500
 -117.682  -71.836  -71.836  -71.836   -5.083    1.035    1.035    1.178    1.424    1.424
    3.064    6.497    6.497   10.570   14.256   14.256   15.265
           -0.375000  0.375000  0.375000
 -117.682  -71.836  -71.836  -71.836   -5.054    1.037    1.037    1.211    1.426    1.426
    2.933    6.475    6.475   10.557   14.244   14.244   15.385
           -0.387500  0.387500  0.387500
 -117.682  -71.836  -71.836  -71.836   -5.027    1.039    1.039    1.248    1.428    1.428
    2.807    6.455    6.455   10.544   14.233   14.233   15.496
           -0.400000  0.400000  0.400000
 -117.682  -71.836  -71.836  -71.836   -5.002    1.041    1.041    1.288    1.430    1.430
    2.687    6.437    6.437   10.532   14.221   14.221   15.598
           -0.412500  0.412500  0.412500
 -117.682  -71.836  -71.836  -71.836   -4.980    1.043    1.043    1.330    1.432    1.432
    2.572    6.421    6.421   10.521   14.210   14.210   15.690
           -0.425000  0.425000  0.425000
 -117.682  -71.836  -71.836  -71.836   -4.960    1.044    1.044    1.376    1.433    1.433
    2.463    6.407    6.407   10.511   14.199   14.199   15.771
           -0.437500  0.437500  0.437500
 -117.682  -71.836  -71.836  -71.836   -4.943    1.046    1.046    1.423    1.434    1.434
    2.362    6.395    6.395   10.502   14.190   14.190   15.839
           -0.450000  0.450000  0.450000
 -117.682  -71.836  -71.836  -71.836   -4.928    1.047    1.047    1.436    1.436    1.471
    2.269    6.385    6.385   10.495   14.182   14.182   15.896
           -0.462500  0.462500  0.462500
 -117.682  -71.836  -71.836  -71.836   -4.917    1.047    1.047    1.436    1.436    1.518
    2.186    6.378    6.378   10.489   14.175   14.175   15.939
           -0.475000  0.475000  0.475000
 -117.682  -71.836  -71.836  -71.836   -4.909    1.048    1.048    1.437    1.437    1.561
    2.118    6.372    6.372   10.485   14.171   14.171   15.971
           -0.487500  0.487500  0.487500
 -117.682  -71.836  -71.836  -71.836   -4.904    1.048    1.048    1.437    1.437    1.593
    2.071    6.369    6.369   10.482   14.168   14.168   15.989
           -0.500000  0.500000  0.500000
 -117.682  -71.836  -71.836  -71.836   -4.902    1.048    1.048    1.437    1.437    1.605
    2.054    6.368    6.368   10.482   14.167   14.167   15.995
           -0.500000  0.487500  0.512500
 -117.682  -71.836  -71.836  -71.836   -4.902    1.048    1.048    1.437    1.437    1.605
    2.056    6.361    6.366   10.488   14.161   14.170   15.998
           -0.500000  0.475000  0.525000
 -117.682  -71.836  -71.836  -71.836   -4.901    1.048    1.049    1.435    1.437    1.606
    2.059    6.343    6.362   10.508   14.142   14.181   16.004
           -0.500000  0.462500  0.537500
 -117.682  -71.836  -71.836  -71.836   -4.898    1.048    1.050    1.433    1.437    1.608
    2.065    6.312    6.355   10.541   14.112   14.199   16.013
           -0.500000  0.450000  0.550000
 -117.682  -71.836  -71.836  -71.836   -4.895    1.049    1.052    1.429    1.437    1.610
    2.073    6.271    6.344   10.586   14.073   14.223   16.023
           -0.500000  0.437500  0.562500
 -117.682  -71.836  -71.836  -71.836   -4.892    1.049    1.054    1.425    1.437    1.613
    2.083    6.219    6.331   10.642   14.025   14.255   16.034
           -0.500000  0.425000  0.575000
 -117.682  -71.836  -71.836  -71.836   -4.887    1.050    1.056    1.421    1.437    1.616
    2.096    6.158    6.315   10.707   13.970   14.294   16.043
           -0.500000  0.412500  0.587500
 -117.682  -71.836  -71.836  -71.836   -4.881    1.050    1.059    1.416    1.436    1.619
    2.111    6.089    6.297   10.781   13.911   14.339   16.048
           -0.500000  0.400000  0.600000
 -117.682  -71.836  -71.836  -71.836   -4.875    1.050    1.062    1.410    1.436    1.622
    2.128    6.013    6.275   10.862   13.848   14.391   16.050
           -0.500000  0.387500  0.612500
 -117.682  -71.836  -71.836  -71.836   -4.868    1.051    1.065    1.405    1.435    1.625
    2.146    5.931    6.250   10.949   13.783   14.449   16.047
           -0.500000  0.375000  0.625000
 -117.682  -71.836  -71.836  -71.836   -4.861    1.051    1.069    1.399    1.435    1.629
    2.167    5.846    6.223   11.041   13.718   14.512   16.041
           -0.500000  0.362500  0.637500
 -117.682  -71.836  -71.836  -71.836   -4.852    1.052    1.073    1.394    1.434    1.632
    2.189    5.756    6.192   11.137   13.652   14.580   16.030
           -0.500000  0.350000  0.650000
 -117.682  -71.836  -71.836  -71.836   -4.843    1.053    1.077    1.389    1.433    1.636
    2.213    5.664    6.159   11.235   13.589   14.652   16.017
           -0.500000  0.337500  0.662500
 -117.682  -71.836  -71.836  -71.836   -4.834    1.054    1.081    1.384    1.432    1.639
    2.239    5.570    6.123   11.334   13.527   14.725   16.005
           -0.500000  0.325000  0.675000
 -117.682  -71.836  -71.836  -71.836   -4.824    1.055    1.086    1.379    1.431    1.643
    2.265    5.476    6.084   11.434   13.468   14.797   15.994
           -0.500000  0.312500  0.687500
 -117.682  -71.836  -71.836  -71.836   -4.813    1.056    1.091    1.376    1.430    1.647
    2.293    5.381    6.042   11.535   13.413   14.866   15.991
           -0.500000  0.300000  0.700000
 -117.682  -71.836  -71.836  -71.836   -4.802    1.057    1.095    1.372    1.429    1.651
    2.322    5.287    5.998   11.634   13.362   14.926   15.999
           -0.500000  0.287500  0.712500
 -117.682  -71.836  -71.836  -71.836   -4.791    1.058    1.100    1.368    1.427    1.655
    2.352    5.194    5.951   11.732   13.315   14.973   16.022
           -0.500000  0.275000  0.725000
 -117.682  -71.836  -71.836  -71.836   -4.780    1.060    1.105    1.365    1.425    1.659
    2.382    5.104    5.902   11.828   13.273   15.005   16.064
           -0.500000  0.262500  0.737500
 -117.682  -71.836  -71.836  -71.836   -4.768    1.061    1.110    1.363    1.423    1.664
    2.413    5.015    5.850   11.922   13.236   15.019   16.127
           -0.500000  0.250000  0.750000
 -117.682  -71.836  -71.836  -71.836   -4.756    1.063    1.115    1.362    1.421    1.669
    2.444    4.930    5.797   12.013   13.205   15.016   16.210
           -0.500000  0.237500  0.762500
 -117.682  -71.836  -71.836  -71.836   -4.744    1.064    1.120    1.361    1.419    1.674
    2.475    4.848    5.741   12.100   13.179   14.999   16.306
           -0.500000  0.225000  0.775000
 -117.682  -71.836  -71.836  -71.836   -4.732    1.065    1.125    1.360    1.416    1.679
    2.505    4.771    5.683   12.183   13.160   14.972   16.411
           -0.500000  0.212500  0.787500
 -117.682  -71.836  -71.836  -71.836   -4.720    1.066    1.130    1.360    1.413    1.685
    2.535    4.699    5.623   12.261   13.146   14.939   16.515
           -0.500000  0.200000  0.800000
 -117.682  -71.836  -71.836  -71.836   -4.709    1.068    1.135    1.360    1.410    1.692
    2.563    4.632    5.562   12.335   13.139   14.902   16.605
           -0.500000  0.187500  0.812500
 -117.682  -71.836  -71.836  -71.836   -4.697    1.068    1.140    1.360    1.407    1.698
    2.590    4.571    5.500   12.403   13.137   14.864   16.668
           -0.500000  0.175000  0.825000
 -117.682  -71.836  -71.836  -71.836   -4.686    1.069    1.145    1.361    1.403    1.705
    2.615    4.517    5.436   12.465   13.141   14.827   16.687
           -0.500000  0.162500  0.837500
 -117.682  -71.836  -71.836  -71.836   -4.675    1.070    1.151    1.362    1.400    1.712
    2.638    4.470    5.371   12.522   13.150   14.794   16.660
           -0.500000  0.150000  0.850000
 -117.682  -71.836  -71.836  -71.836   -4.665    1.070    1.156    1.363    1.396    1.720
    2.658    4.430    5.305   12.573   13.162   14.766   16.595
           -0.500000  0.137500  0.862500
 -117.682  -71.836  -71.836  -71.836   -4.655    1.070    1.162    1.364    1.392    1.728
    2.675    4.399    5.239   12.619   13.175   14.745   16.506
           -0.500000  0.125000  0.875000
 -117.682  -71.836  -71.836  -71.836   -4.646    1.070    1.168    1.365    1.388    1.735
    2.690    4.375    5.173   12.661   13.189   14.732   16.403
           -0.500000  0.112500  0.887500
 -117.682  -71.836  -71.836  -71.836   -4.637    1.070    1.173    1.367    1.384    1.743
    2.701    4.361    5.107   12.699   13.200   14.730   16.292
           -0.500000  0.100000  0.900000
 -117.682  -71.836  -71.836  -71.836   -4.630    1.070    1.179    1.368    1.379    1.751
    2.709    4.355    5.041   12.735   13.208   14.738   16.177
           -0.500000  0.087500  0.912500
 -117.682  -71.836  -71.836  -71.836   -4.622    1.070    1.184    1.369    1.376    1.758
    2.715    4.357    4.976   12.769   13.212   14.757   16.062
           -0.500000  0.075000  0.925000
 -117.682  -71.836  -71.836  -71.836   -4.616    1.070    1.189    1.369    1.373    1.766
    2.719    4.367    4.912   12.801   13.210   14.787   15.949
           -0.500000  0.062500  0.937500
 -117.682  -71.836  -71.836  -71.836   -4.611    1.070    1.194    1.367    1.372    1.772
    2.721    4.385    4.849   12.832   13.204   14.827   15.838
           -0.500000  0.050000  0.950000
 -117.682  -71.836  -71.836  -71.836   -4.606    1.070    1.197    1.364    1.373    1.777
    2.721    4.409    4.787   12.860   13.194   14.875   15.733
           -0.500000  0.037500  0.962500
 -117.682  -71.836  -71.836  -71.836   -4.603    1.070    1.201    1.362    1.373    1.782
    2.721    4.441    4.728   12.885   13.182   14.928   15.636
           -0.500000  0.025000  0.975000
 -117.682  -71.836  -71.836  -71.836   -4.600    1.070    1.203    1.360    1.373    1.785
    2.720    4.478    4.671   12.906   13.170   14.981   15.553
           -0.500000  0.012500  0.987500
 -117.682  -71.836  -71.836  -71.836   -4.599    1.070    1.205    1.359    1.374    1.787
    2.720    4.520    4.617   12.921   13.161   15.023   15.492
           -0.500000  0.000000  1.000000
 -117.682  -71.836  -71.836  -71.836   -4.598    1.070    1.205    1.358    1.374    1.788
    2.720    4.562    4.571   12.926   13.158   15.040   15.469
           -0.506250  0.000000  0.993750
 -117.682  -71.836  -71.836  -71.836   -4.598    1.070    1.205    1.358    1.374    1.788
    2.720    4.549    4.585   12.923   13.157   15.040   15.473
           -0.512500  0.000000  0.987500
 -117.682  -71.836  -71.836  -71.836   -4.599    1.070    1.205    1.357    1.375    1.788
    2.720    4.532    4.604   12.914   13.156   15.042   15.485
           -0.518750  0.000000  0.981250
 -117.682  -71.836  -71.836  -71.836   -4.599    1.069    1.205    1.355    1.377    1.787
    2.720    4.516    4.624   12.899   13.154   15.046   15.503
           -0.525000  0.000000  0.975000
 -117.682  -71.836  -71.836  -71.836   -4.599    1.069    1.204    1.353    1.379    1.786
    2.720    4.500    4.646   12.878   13.152   15.053   15.527
           -0.531250  0.000000  0.968750
 -117.682  -71.836  -71.836  -71.836   -4.600    1.068    1.204    1.351    1.381    1.785
    2.720    4.484    4.669   12.849   13.152   15.064   15.555
           -0.537500  0.000000  0.962500
 -117.682  -71.836  -71.836  -71.836   -4.600    1.068    1.204    1.350    1.383    1.783
    2.719    4.469    4.693   12.815   13.151   15.080   15.587
           -0.543750  0.000000  0.956250
 -117.682  -71.836  -71.836  -71.836   -4.601    1.067    1.203    1.348    1.385    1.782
    2.719    4.454    4.718   12.775   13.152   15.100   15.621
           -0.550000  0.000000  0.950000
 -117.682  -71.836  -71.836  -71.836   -4.602    1.066    1.203    1.346    1.388    1.781
    2.719    4.439    4.744   12.730   13.152   15.124   15.659
           -0.556250  0.000000  0.943750
 -117.682  -71.836  -71.836  -71.836   -4.603    1.065    1.202    1.344    1.390    1.779
    2.718    4.425    4.771   12.681   13.153   15.153   15.699
           -0.562500  0.000000  0.937500
 -117.682  -71.836  -71.836  -71.836   -4.604    1.064    1.202    1.342    1.393    1.777
    2.718    4.411    4.799   12.628   13.154   15.185   15.740
           -0.568750  0.000000  0.931250
 -117.682  -71.836  -71.836  -71.836   -4.605    1.063    1.202    1.341    1.395    1.775
    2.717    4.397    4.828   12.573   13.155   15.221   15.783
           -0.575000  0.000000  0.925000
 -117.682  -71.836  -71.836  -71.836   -4.605    1.062    1.201    1.339    1.398    1.774
    2.716    4.384    4.857   12.516   13.155   15.260   15.828
           -0.581250  0.000000  0.918750
 -117.682  -71.836  -71.836  -71.836   -4.606    1.061    1.201    1.337    1.400    1.772
    2.715    4.371    4.887   12.457   13.156   15.303   15.874
           -0.587500  0.000000  0.912500
 -117.682  -71.836  -71.836  -71.836   -4.608    1.059    1.201    1.336    1.403    1.770
    2.714    4.359    4.917   12.397   13.156   15.347   15.921
           -0.593750  0.000000  0.906250
 -117.682  -71.836  -71.836  -71.836   -4.609    1.058    1.201    1.334    1.405    1.768
    2.713    4.347    4.947   12.336   13.156   15.395   15.969
           -0.600000  0.000000  0.900000
 -117.682  -71.836  -71.836  -71.836   -4.610    1.056    1.201    1.333    1.408    1.766
    2.712    4.335    4.978   12.276   13.156   15.444   16.017
           -0.606250  0.000000  0.893750
 -117.682  -71.836  -71.836  -71.836   -4.611    1.054    1.200    1.332    1.410    1.764
    2.711    4.324    5.008   12.215   13.156   15.495   16.066
           -0.612500  0.000000  0.887500
 -117.682  -71.836  -71.836  -71.836   -4.612    1.053    1.200    1.330    1.413    1.763
    2.710    4.314    5.039   12.154   13.155   15.548   16.116
           -0.618750  0.000000  0.881250
 -117.682  -71.836  -71.836  -71.836   -4.613    1.051    1.201    1.329    1.415    1.761
    2.708    4.304    5.069   12.095   13.154   15.603   16.165
           -0.625000  0.000000  0.875000
 -117.682  -71.836  -71.836  -71.836   -4.614    1.049    1.201    1.328    1.417    1.759
    2.707    4.294    5.099   12.036   13.154   15.658   16.215
           -0.631250  0.000000  0.868750
 -117.682  -71.836  -71.836  -71.836   -4.615    1.048    1.201    1.326    1.419    1.757
    2.706    4.284    5.129   11.979   13.153   15.715   16.265
           -0.637500  0.000000  0.862500
 -117.682  -71.836  -71.836  -71.836   -4.616    1.046    1.201    1.325    1.421    1.756
    2.704    4.276    5.158   11.923   13.152   15.772   16.314
           -0.643750  0.000000  0.856250
 -117.682  -71.836  -71.836  -71.836   -4.617    1.044    1.201    1.324    1.423    1.754
    2.703    4.267    5.187   11.868   13.150   15.830   16.364
           -0.650000  0.000000  0.850000
 -117.682  -71.836  -71.836  -71.836   -4.618    1.042    1.201    1.323    1.425    1.752
    2.701    4.259    5.214   11.816   13.149   15.888   16.412
           -0.656250  0.000000  0.843750
 -117.682  -71.836  -71.836  -71.836   -4.619    1.041    1.202    1.322    1.427    1.751
    2.700    4.252    5.241   11.766   13.148   15.946   16.460
           -0.662500  0.000000  0.837500
 -117.682  -71.836  -71.836  -71.836   -4.620    1.039    1.202    1.321    1.429    1.750
    2.699    4.245    5.267   11.718   13.147   16.004   16.507
           -0.668750  0.000000  0.831250
 -117.682  -71.836  -71.836  -71.836   -4.621    1.037    1.203    1.320    1.431    1.748
    2.697    4.238    5.292   11.673   13.145   16.062   16.553
           -0.675000  0.000000  0.825000
 -117.682  -71.836  -71.836  -71.836   -4.622    1.036    1.203    1.319    1.432    1.747
    2.696    4.232    5.315   11.630   13.144   16.118   16.598
           -0.681250  0.000000  0.818750
 -117.682  -71.836  -71.836  -71.836   -4.622    1.034    1.204    1.318    1.434    1.746
    2.695    4.227    5.337   11.590   13.143   16.174   16.642
           -0.687500  0.000000  0.812500
 -117.682  -71.836  -71.836  -71.836   -4.623    1.033    1.204    1.317    1.435    1.745
    2.694    4.221    5.358   11.553   13.142   16.228   16.683
           -0.693750  0.000000  0.806250
 -117.682  -71.836  -71.836  -71.836   -4.624    1.032    1.204    1.316    1.436    1.744
    2.693    4.217    5.377   11.520   13.141   16.280   16.723
           -0.700000  0.000000  0.800000
 -117.682  -71.836  -71.836  -71.836   -4.624    1.030    1.204    1.315    1.437    1.743
    2.692    4.213    5.394   11.489   13.140   16.329   16.761
           -0.706250  0.000000  0.793750
 -117.682  -71.836  -71.836  -71.836   -4.625    1.029    1.205    1.315    1.438    1.742
    2.691    4.209    5.409   11.462   13.139   16.375   16.798
           -0.712500  0.000000  0.787500
 -117.682  -71.836  -71.836  -71.836   -4.625    1.029    1.205    1.314    1.439    1.741
    2.690    4.206    5.423   11.438   13.138   16.417   16.831
           -0.718750  0.000000  0.781250
 -117.682  -71.836  -71.836  -71.836   -4.626    1.028    1.206    1.313    1.440    1.741
    2.690    4.203    5.435   11.417   13.137   16.454   16.862
           -0.725000  0.000000  0.775000
 -117.682  -71.836  -71.836  -71.836   -4.626    1.027    1.206    1.313    1.440    1.740
    2.689    4.201    5.444   11.400   13.137   16.486   16.889
           -0.731250  0.000000  0.768750
 -117.682  -71.836  -71.836  -71.836   -4.626    1.027    1.206    1.313    1.441    1.740
    2.689    4.199    5.452   11.387   13.136   16.512   16.911
           -0.737500  0.000000  0.762500
 -117.682  -71.836  -71.836  -71.836   -4.626    1.026    1.206    1.313    1.441    1.740
    2.688    4.198    5.457   11.378   13.136   16.530   16.928
           -0.743750  0.000000  0.756250
 -117.682  -71.836  -71.836  -71.836   -4.627    1.026    1.206    1.312    1.442    1.740
    2.688    4.197    5.460   11.372   13.136   16.542   16.939
           -0.750000  0.000000  0.750000
 -117.682  -71.836  -71.836  -71.836   -4.627    1.026    1.206    1.312    1.442    1.740
    2.688    4.197    5.461   11.370   13.136   16.546   16.943
           -0.731250  0.000000  0.731250
 -117.682  -71.836  -71.836  -71.836   -4.635    1.032    1.198    1.322    1.437    1.738
    2.685    4.163    5.518   11.434   13.315   16.429   16.769
           -0.712500  0.000000  0.712500
 -117.682  -71.836  -71.836  -71.836   -4.645    1.038    1.190    1.333    1.433    1.731
    2.687    4.143    5.577   11.500   13.471   16.306   16.601
           -0.693750  0.000000  0.693750
 -117.682  -71.836  -71.836  -71.836   -4.657    1.042    1.181    1.343    1.429    1.716
    2.695    4.139    5.639   11.566   13.598   16.172   16.439
           -0.675000  0.000000  0.675000
 -117.682  -71.836  -71.836  -71.836   -4.672    1.047    1.173    1.352    1.425    1.695
    2.712    4.149    5.702   11.633   13.694   16.025   16.282
           -0.656250  0.000000  0.656250
 -117.682  -71.836  -71.836  -71.836   -4.689    1.050    1.164    1.359    1.421    1.667
    2.739    4.172    5.768   11.698   13.760   15.865   16.132
           -0.637500  0.000000  0.637500
 -117.682  -71.836  -71.836  -71.836   -4.708    1.052    1.155    1.363    1.417    1.633
    2.775    4.209    5.834   11.762   13.800   15.698   15.987
           -0.618750  0.000000  0.618750
 -117.682  -71.836  -71.836  -71.836   -4.730    1.055    1.145    1.363    1.413    1.598
    2.821    4.257    5.901   11.822   13.820   15.525   15.848
           -0.600000  0.000000  0.600000
 -117.682  -71.836  -71.836  -71.836   -4.754    1.056    1.136    1.358    1.409    1.563
    2.877    4.316    5.969   11.877   13.827   15.351   15.716
           -0.581250  0.000000  0.581250
 -117.682  -71.836  -71.836  -71.836   -4.781    1.058    1.127    1.347    1.406    1.532
    2.943    4.385    6.038   11.925   13.826   15.177   15.590
           -0.562500  0.000000  0.562500
 -117.682  -71.836  -71.836  -71.836   -4.811    1.059    1.117    1.327    1.403    1.508
    3.017    4.463    6.107   11.962   13.825   15.005   15.470
           -0.543750  0.000000  0.543750
 -117.682  -71.836  -71.836  -71.836   -4.843    1.059    1.108    1.300    1.400    1.491
    3.099    4.549    6.175   11.988   13.828   14.837   15.356
           -0.525000  0.000000  0.525000
 -117.682  -71.836  -71.836  -71.836   -4.877    1.059    1.099    1.267    1.398    1.480
    3.189    4.642    6.243   12.000   13.839   14.674   15.248
           -0.506250  0.000000  0.506250
 -117.682  -71.836  -71.836  -71.836   -4.914    1.059    1.090    1.232    1.395    1.471
    3.286    4.742    6.309   11.997   13.860   14.518   15.144
           -0.487500  0.000000  0.487500
 -117.682  -71.836  -71.836  -71.836   -4.953    1.058    1.081    1.198    1.394    1.465
    3.391    4.848    6.375   11.979   13.892   14.370   15.046
           -0.468750  0.000000  0.468750
 -117.682  -71.836  -71.836  -71.836   -4.994    1.056    1.073    1.164    1.392    1.460
    3.502    4.959    6.439   11.945   13.932   14.234   14.952
           -0.450000  0.000000  0.450000
 -117.682  -71.836  -71.836  -71.836   -5.036    1.053    1.064    1.133    1.391    1.456
    3.620    5.075    6.502   11.897   13.963   14.125   14.862
           -0.431250  0.000000  0.431250
 -117.682  -71.836  -71.836  -71.836   -5.079    1.049    1.056    1.105    1.390    1.451
    3.745    5.194    6.562   11.837   13.923   14.104   14.775
           -0.412500  0.000000  0.412500
 -117.682  -71.836  -71.836  -71.836   -5.124    1.044    1.047    1.080    1.389    1.447
    3.875    5.316    6.620   11.765   13.826   14.155   14.692
           -0.393750  0.000000  0.393750
 -117.682  -71.836  -71.836  -71.836   -5.169    1.036    1.039    1.060    1.388    1.443
    4.012    5.440    6.676   11.683   13.727   14.219   14.611
           -0.375000  0.000000  0.375000
 -117.682  -71.836  -71.836  -71.836   -5.215    1.023    1.031    1.048    1.389    1.439
    4.155    5.566    6.729   11.592   13.637   14.285   14.534
           -0.356250  0.000000  0.356250
 -117.682  -71.836  -71.836  -71.836   -5.260    1.008    1.023    1.040    1.389    1.435
    4.304    5.693    6.779   11.494   13.557   14.347   14.458
           -0.337500  0.000000  0.337500
 -117.682  -71.836  -71.836  -71.836   -5.306    0.994    1.015    1.033    1.389    1.432
    4.458    5.819    6.826   11.389   13.489   14.385   14.399
           -0.318750  0.000000  0.318750
 -117.682  -71.836  -71.836  -71.836   -5.350    0.981    1.008    1.026    1.390    1.429
    4.617    5.944    6.870   11.277   13.432   14.314   14.439
           -0.300000  0.000000  0.300000
 -117.682  -71.836  -71.836  -71.836   -5.394    0.971    1.000    1.019    1.390    1.426
    4.781    6.068    6.911   11.161   13.387   14.246   14.463
           -0.281250  0.000000  0.281250
 -117.682  -71.836  -71.836  -71.836   -5.437    0.962    0.994    1.013    1.391    1.424
    4.950    6.189    6.950   11.039   13.353   14.180   14.469
           -0.262500  0.000000  0.262500
 -117.682  -71.836  -71.836  -71.836   -5.478    0.955    0.987    1.005    1.393    1.421
    5.123    6.306    6.985   10.912   13.332   14.116   14.454
           -0.243750  0.000000  0.243750
 -117.682  -71.836  -71.836  -71.836   -5.518    0.950    0.981    0.998    1.394    1.419
    5.299    6.419    7.017   10.781   13.321   14.056   14.420
           -0.225000  0.000000  0.225000
 -117.682  -71.836  -71.836  -71.836   -5.556    0.945    0.975    0.991    1.395    1.417
    5.478    6.527    7.046   10.646   13.321   13.998   14.368
           -0.206250  0.000000  0.206250
 -117.682  -71.836  -71.836  -71.836   -5.591    0.942    0.969    0.984    1.397    1.416
    5.660    6.628    7.073   10.506   13.332   13.945   14.301
           -0.187500  0.000000  0.187500
 -117.682  -71.836  -71.836  -71.836   -5.624    0.940    0.964    0.977    1.398    1.414
    5.843    6.724    7.096   10.364   13.351   13.894   14.223
           -0.168750  0.000000  0.168750
 -117.682  -71.836  -71.836  -71.836   -5.655    0.938    0.959    0.970    1.400    1.413
    6.026    6.811    7.117   10.219   13.377   13.848   14.139
           -0.150000  0.000000  0.150000
 -117.682  -71.836  -71.836  -71.836   -5.682    0.937    0.955    0.964    1.402    1.412
    6.208    6.891    7.136   10.072   13.410   13.806   14.053
           -0.131250  0.000000  0.131250
 -117.682  -71.836  -71.836  -71.836   -5.707    0.937    0.952    0.958    1.403    1.411
    6.387    6.962    7.152    9.925   13.448   13.769   13.968
           -0.112500  0.000000  0.112500
 -117.682  -71.836  -71.836  -71.836   -5.729    0.938    0.948    0.953    1.405    1.410
    6.561    7.025    7.166    9.779   13.488   13.736   13.889
           -0.093750  0.000000  0.093750
 -117.682  -71.836  -71.836  -71.836   -5.748    0.938    0.945    0.949    1.406    1.410
    6.726    7.079    7.177    9.639   13.527   13.708   13.818
           -0.075000  0.000000  0.075000
 -117.682  -71.836  -71.836  -71.836   -5.763    0.938    0.943    0.945    1.407    1.409
    6.877    7.123    7.186    9.508   13.564   13.684   13.757
           -0.056250  0.000000  0.056250
 -117.682  -71.836  -71.836  -71.836   -5.775    0.938    0.941    0.942    1.408    1.409
    7.008    7.157    7.193    9.393   13.596   13.666   13.708
           -0.037500  0.000000  0.037500
 -117.682  -71.836  -71.836  -71.836   -5.784    0.938    0.940    0.940    1.408    1.409
    7.111    7.182    7.198    9.301   13.621   13.653   13.672
           -0.018750  0.000000  0.018750
 -117.682  -71.836  -71.836  -71.836   -5.789    0.938    0.939    0.939    1.408    1.408
    7.178    7.197    7.201    9.240   13.637   13.645   13.650
            0.000000  0.000000  0.000000
 -117.682  -71.836  -71.836  -71.836   -5.791    0.938    0.938    0.938    1.408    1.408
    7.202    7.202    7.202    9.219   13.642   13.642   13.642
