 &plot nbnd=  10, nks=   201 /
            0.000000  0.000000  1.000000
   -6.907   -0.941    2.238    2.238    7.927    9.146   18.809   19.150   19.150   20.065
            0.000000  0.000000  0.975000
   -6.913   -0.932    2.241    2.241    7.932    9.150   18.789   19.088   19.088   20.056
            0.000000  0.000000  0.950000
   -6.931   -0.905    2.250    2.250    7.948    9.162   18.731   18.929   18.929   20.028
            0.000000  0.000000  0.925000
   -6.961   -0.859    2.264    2.264    7.974    9.182   18.636   18.718   18.718   19.983
            0.000000  0.000000  0.900000
   -7.002   -0.797    2.284    2.284    8.011    9.210   18.482   18.482   18.508   19.922
            0.000000  0.000000  0.875000
   -7.053   -0.718    2.310    2.310    8.058    9.246   18.233   18.233   18.351   19.847
            0.000000  0.000000  0.850000
   -7.113   -0.624    2.341    2.341    8.115    9.290   17.978   17.978   18.168   19.760
            0.000000  0.000000  0.825000
   -7.181   -0.516    2.378    2.378    8.181    9.343   17.722   17.722   17.964   19.662
            0.000000  0.000000  0.800000
   -7.256   -0.395    2.421    2.421    8.257    9.404   17.465   17.465   17.743   19.555
            0.000000  0.000000  0.775000
   -7.336   -0.263    2.468    2.468    8.341    9.474   17.209   17.209   17.507   19.443
            0.000000  0.000000  0.750000
   -7.421   -0.120    2.521    2.521    8.433    9.552   16.954   16.954   17.261   19.325
            0.000000  0.000000  0.725000
   -7.510    0.032    2.579    2.579    8.533    9.639   16.701   16.701   17.006   19.203
            0.000000  0.000000  0.700000
   -7.602    0.192    2.642    2.642    8.640    9.735   16.452   16.452   16.747   19.079
            0.000000  0.000000  0.675000
   -7.695    0.359    2.710    2.710    8.752    9.839   16.204   16.204   16.484   18.954
            0.000000  0.000000  0.650000
   -7.789    0.532    2.782    2.782    8.870    9.951   15.960   15.960   16.221   18.830
            0.000000  0.000000  0.625000
   -7.883    0.711    2.858    2.858    8.993   10.069   15.719   15.719   15.961   18.706
            0.000000  0.000000  0.600000
   -7.977    0.894    2.939    2.939    9.120   10.194   15.481   15.481   15.705   18.583
            0.000000  0.000000  0.575000
   -8.069    1.082    3.023    3.023    9.250   10.322   15.247   15.247   15.458   18.464
            0.000000  0.000000  0.550000
   -8.161    1.272    3.111    3.111    9.382   10.451   15.017   15.017   15.223   18.346
            0.000000  0.000000  0.525000
   -8.250    1.466    3.202    3.202    9.517   10.578   14.790   14.790   15.005   18.232
            0.000000  0.000000  0.500000
   -8.336    1.661    3.295    3.295    9.653   10.696   14.568   14.568   14.809   18.122
            0.000000  0.000000  0.475000
   -8.421    1.859    3.391    3.391    9.791   10.799   14.350   14.350   14.642   18.015
            0.000000  0.000000  0.450000
   -8.502    2.057    3.489    3.489    9.929   10.881   14.137   14.137   14.512   17.912
            0.000000  0.000000  0.425000
   -8.579    2.256    3.588    3.588   10.067   10.933   13.930   13.930   14.427   17.814
            0.000000  0.000000  0.400000
   -8.654    2.456    3.689    3.689   10.204   10.951   13.728   13.728   14.393   17.721
            0.000000  0.000000  0.375000
   -8.724    2.655    3.789    3.789   10.337   10.932   13.532   13.532   14.412   17.633
            0.000000  0.000000  0.350000
   -8.791    2.854    3.890    3.890   10.458   10.885   13.343   13.343   14.485   17.550
            0.000000  0.000000  0.325000
   -8.853    3.051    3.989    3.989   10.538   10.843   13.161   13.161   14.605   17.472
            0.000000  0.000000  0.300000
   -8.911    3.245    4.086    4.086   10.514   10.876   12.988   12.988   14.766   17.399
            0.000000  0.000000  0.275000
   -8.965    3.437    4.181    4.181   10.400   10.975   12.823   12.823   14.958   17.332
            0.000000  0.000000  0.250000
   -9.015    3.623    4.272    4.272   10.250   11.093   12.668   12.668   15.174   17.271
            0.000000  0.000000  0.225000
   -9.060    3.805    4.359    4.359   10.087   11.213   12.523   12.523   15.406   17.215
            0.000000  0.000000  0.200000
   -9.100    3.978    4.440    4.440    9.919   11.330   12.390   12.390   15.647   17.165
            0.000000  0.000000  0.175000
   -9.136    4.143    4.515    4.515    9.754   11.440   12.270   12.270   15.891   17.120
            0.000000  0.000000  0.150000
   -9.168    4.295    4.583    4.583    9.597   11.541   12.163   12.163   16.129   17.082
            0.000000  0.000000  0.125000
   -9.194    4.433    4.642    4.642    9.452   11.631   12.070   12.070   16.354   17.049
            0.000000  0.000000  0.100000
   -9.216    4.552    4.692    4.692    9.325   11.708   11.993   11.993   16.558   17.022
            0.000000  0.000000  0.075000
   -9.233    4.651    4.732    4.732    9.221   11.770   11.932   11.932   16.731   17.001
            0.000000  0.000000  0.050000
   -9.245    4.724    4.761    4.761    9.142   11.815   11.888   11.888   16.863   16.987
            0.000000  0.000000  0.025000
   -9.252    4.769    4.779    4.779    9.094   11.843   11.862   11.862   16.946   16.978
            0.000000  0.000000  0.000000
   -9.254    4.785    4.785    4.785    9.077   11.853   11.853   11.853   16.975   16.975
           -0.012500  0.012500  0.012500
   -9.252    4.768    4.783    4.783    9.090   11.852   11.857   11.857   16.965   16.965
           -0.025000  0.025000  0.025000
   -9.247    4.719    4.777    4.777    9.126   11.848   11.868   11.868   16.937   16.937
           -0.037500  0.037500  0.037500
   -9.238    4.639    4.768    4.768    9.183   11.844   11.886   11.886   16.892   16.892
           -0.050000  0.050000  0.050000
   -9.225    4.531    4.755    4.755    9.258   11.840   11.911   11.911   16.833   16.833
           -0.062500  0.062500  0.062500
   -9.209    4.399    4.740    4.740    9.347   11.838   11.943   11.943   16.763   16.763
           -0.075000  0.075000  0.075000
   -9.189    4.246    4.720    4.720    9.443   11.841   11.981   11.981   16.685   16.685
           -0.087500  0.087500  0.087500
   -9.166    4.076    4.698    4.698    9.542   11.850   12.024   12.024   16.602   16.602
           -0.100000  0.100000  0.100000
   -9.139    3.891    4.673    4.673    9.638   11.871   12.071   12.071   16.518   16.518
           -0.112500  0.112500  0.112500
   -9.109    3.695    4.646    4.646    9.727   11.906   12.121   12.121   16.435   16.435
           -0.125000  0.125000  0.125000
   -9.075    3.489    4.617    4.617    9.805   11.958   12.174   12.174   16.357   16.357
           -0.137500  0.137500  0.137500
   -9.038    3.276    4.586    4.586    9.867   12.030   12.227   12.227   16.285   16.285
           -0.150000  0.150000  0.150000
   -8.997    3.057    4.553    4.553    9.912   12.122   12.280   12.280   16.222   16.222
           -0.162500  0.162500  0.162500
   -8.954    2.834    4.518    4.518    9.940   12.233   12.331   12.331   16.171   16.171
           -0.175000  0.175000  0.175000
   -8.907    2.608    4.483    4.483    9.953   12.363   12.378   12.378   16.132   16.132
           -0.187500  0.187500  0.187500
   -8.857    2.381    4.447    4.447    9.952   12.421   12.421   12.509   16.109   16.109
           -0.200000  0.200000  0.200000
   -8.804    2.152    4.411    4.411    9.939   12.457   12.457   12.667   16.102   16.102
           -0.212500  0.212500  0.212500
   -8.748    1.923    4.374    4.374    9.917   12.486   12.486   12.835   16.113   16.113
           -0.225000  0.225000  0.225000
   -8.690    1.696    4.338    4.338    9.888   12.508   12.508   13.011   16.143   16.143
           -0.237500  0.237500  0.237500
   -8.630    1.470    4.301    4.301    9.855   12.521   12.521   13.191   16.192   16.192
           -0.250000  0.250000  0.250000
   -8.567    1.246    4.265    4.265    9.817   12.526   12.526   13.373   16.260   16.260
           -0.262500  0.262500  0.262500
   -8.502    1.026    4.230    4.230    9.777   12.523   12.523   13.555   16.347   16.347
           -0.275000  0.275000  0.275000
   -8.435    0.810    4.196    4.196    9.736   12.513   12.513   13.735   16.452   16.452
           -0.287500  0.287500  0.287500
   -8.367    0.599    4.162    4.162    9.695   12.496   12.496   13.911   16.573   16.573
           -0.300000  0.300000  0.300000
   -8.298    0.392    4.130    4.130    9.654   12.475   12.475   14.081   16.710   16.710
           -0.312500  0.312500  0.312500
   -8.229    0.192    4.099    4.099    9.614   12.449   12.449   14.242   16.862   16.862
           -0.325000  0.325000  0.325000
   -8.159   -0.001    4.070    4.070    9.575   12.420   12.420   14.394   17.026   17.026
           -0.337500  0.337500  0.337500
   -8.089   -0.186    4.042    4.042    9.538   12.390   12.390   14.533   17.202   17.202
           -0.350000  0.350000  0.350000
   -8.020   -0.364    4.016    4.016    9.503   12.358   12.358   14.660   17.387   17.387
           -0.362500  0.362500  0.362500
   -7.953   -0.531    3.991    3.991    9.469   12.326   12.326   14.773   17.581   17.581
           -0.375000  0.375000  0.375000
   -7.888   -0.689    3.968    3.968    9.439   12.295   12.295   14.872   17.781   17.781
           -0.387500  0.387500  0.387500
   -7.825   -0.836    3.948    3.948    9.411   12.265   12.265   14.957   17.987   17.987
           -0.400000  0.400000  0.400000
   -7.766   -0.971    3.929    3.929    9.385   12.237   12.237   15.029   18.195   18.195
           -0.412500  0.412500  0.412500
   -7.712   -1.092    3.912    3.912    9.362   12.211   12.211   15.088   18.404   18.404
           -0.425000  0.425000  0.425000
   -7.662   -1.200    3.898    3.898    9.343   12.188   12.188   15.135   18.609   18.609
           -0.437500  0.437500  0.437500
   -7.619   -1.293    3.886    3.886    9.326   12.168   12.168   15.173   18.807   18.807
           -0.450000  0.450000  0.450000
   -7.582   -1.371    3.876    3.876    9.312   12.152   12.152   15.202   18.991   18.991
           -0.462500  0.462500  0.462500
   -7.553   -1.432    3.868    3.868    9.301   12.138   12.138   15.223   19.153   19.153
           -0.475000  0.475000  0.475000
   -7.531   -1.476    3.862    3.862    9.293   12.129   12.129   15.237   19.283   19.283
           -0.487500  0.487500  0.487500
   -7.518   -1.503    3.859    3.859    9.289   12.123   12.123   15.245   19.367   19.367
           -0.500000  0.500000  0.500000
   -7.514   -1.512    3.857    3.857    9.287   12.121   12.121   15.248   19.397   19.397
           -0.500000  0.487500  0.512500
   -7.513   -1.511    3.849    3.855    9.296   12.114   12.126   15.254   19.285   19.392
           -0.500000  0.475000  0.525000
   -7.510   -1.507    3.823    3.849    9.321   12.092   12.141   15.270   19.167   19.375
           -0.500000  0.462500  0.537500
   -7.506   -1.500    3.782    3.840    9.363   12.056   12.165   15.296   19.054   19.349
           -0.500000  0.450000  0.550000
   -7.500   -1.490    3.724    3.826    9.419   12.009   12.200   15.328   18.948   19.312
           -0.500000  0.437500  0.562500
   -7.492   -1.478    3.653    3.808    9.489   11.952   12.244   15.363   18.850   19.266
           -0.500000  0.425000  0.575000
   -7.482   -1.463    3.570    3.786    9.571   11.886   12.300   15.397   18.762   19.212
           -0.500000  0.412500  0.587500
   -7.471   -1.445    3.475    3.760    9.662   11.815   12.366   15.426   18.683   19.154
           -0.500000  0.400000  0.600000
   -7.458   -1.425    3.371    3.730    9.760   11.740   12.443   15.447   18.611   19.096
           -0.500000  0.387500  0.612500
   -7.444   -1.402    3.259    3.696    9.864   11.663   12.531   15.456   18.541   19.045
           -0.500000  0.375000  0.625000
   -7.428   -1.377    3.141    3.658    9.972   11.586   12.631   15.451   18.467   19.012
           -0.500000  0.362500  0.637500
   -7.410   -1.349    3.018    3.615   10.082   11.510   12.742   15.431   18.382   19.002
           -0.500000  0.350000  0.650000
   -7.391   -1.318    2.891    3.569   10.192   11.436   12.864   15.396   18.283   19.021
           -0.500000  0.337500  0.662500
   -7.371   -1.286    2.761    3.519   10.301   11.367   12.997   15.347   18.170   19.066
           -0.500000  0.325000  0.675000
   -7.350   -1.251    2.631    3.465   10.408   11.303   13.139   15.285   18.048   19.133
           -0.500000  0.312500  0.687500
   -7.327   -1.214    2.499    3.407   10.509   11.247   13.290   15.213   17.918   19.216
           -0.500000  0.300000  0.700000
   -7.304   -1.174    2.368    3.345   10.603   11.201   13.447   15.133   17.784   19.313
           -0.500000  0.287500  0.712500
   -7.279   -1.133    2.238    3.279   10.685   11.171   13.608   15.049   17.650   19.417
           -0.500000  0.275000  0.725000
   -7.254   -1.090    2.110    3.210   10.747   11.165   13.768   14.965   17.516   19.526
           -0.500000  0.262500  0.737500
   -7.228   -1.046    1.985    3.137   10.782   11.190   13.920   14.888   17.387   19.635
           -0.500000  0.250000  0.750000
   -7.201   -1.000    1.864    3.062   10.792   11.243   14.050   14.830   17.266   19.744
           -0.500000  0.237500  0.762500
   -7.174   -0.953    1.746    2.983   10.786   11.317   14.137   14.807   17.157   19.849
           -0.500000  0.225000  0.775000
   -7.147   -0.906    1.634    2.902   10.774   11.403   14.162   14.836   17.065   19.949
           -0.500000  0.212500  0.787500
   -7.120   -0.858    1.527    2.818   10.760   11.495   14.130   14.903   16.998   20.042
           -0.500000  0.200000  0.800000
   -7.093   -0.810    1.427    2.732   10.747   11.591   14.064   14.979   16.965   20.129
           -0.500000  0.187500  0.812500
   -7.066   -0.762    1.334    2.644   10.737   11.690   13.981   15.037   16.974   20.207
           -0.500000  0.175000  0.825000
   -7.040   -0.716    1.249    2.555   10.730   11.790   13.891   15.064   17.031   20.277
           -0.500000  0.162500  0.837500
   -7.014   -0.672    1.173    2.464   10.726   11.891   13.799   15.053   17.135   20.338
           -0.500000  0.150000  0.850000
   -6.989   -0.630    1.107    2.373   10.726   11.994   13.707   15.010   17.280   20.389
           -0.500000  0.137500  0.862500
   -6.965   -0.591    1.052    2.281   10.728   12.097   13.619   14.940   17.457   20.429
           -0.500000  0.125000  0.875000
   -6.942   -0.556    1.008    2.189   10.733   12.199   13.536   14.851   17.659   20.457
           -0.500000  0.112500  0.887500
   -6.921   -0.526    0.977    2.098   10.740   12.302   13.459   14.749   17.877   20.472
           -0.500000  0.100000  0.900000
   -6.902   -0.501    0.957    2.007   10.749   12.402   13.390   14.638   18.106   20.474
           -0.500000  0.087500  0.912500
   -6.884   -0.480    0.950    1.919   10.759   12.499   13.332   14.523   18.341   20.461
           -0.500000  0.075000  0.925000
   -6.868   -0.465    0.955    1.833   10.770   12.589   13.286   14.405   18.578   20.433
           -0.500000  0.062500  0.937500
   -6.855   -0.454    0.970    1.750   10.780   12.669   13.259   14.289   18.813   20.387
           -0.500000  0.050000  0.950000
   -6.843   -0.446    0.993    1.673   10.790   12.732   13.253   14.176   19.043   20.324
           -0.500000  0.037500  0.962500
   -6.834   -0.441    1.021    1.603   10.798   12.776   13.270   14.071   19.264   20.240
           -0.500000  0.025000  0.975000
   -6.828   -0.438    1.050    1.545   10.804   12.801   13.304   13.979   19.470   20.136
           -0.500000  0.012500  0.987500
   -6.824   -0.437    1.072    1.505   10.808   12.812   13.339   13.913   19.656   20.013
           -0.500000  0.000000  1.000000
   -6.823   -0.437    1.081    1.491   10.809   12.815   13.354   13.888   19.773   19.918
           -0.506250  0.000000  0.993750
   -6.823   -0.437    1.080    1.493   10.807   12.804   13.364   13.894   19.751   19.937
           -0.512500  0.000000  0.987500
   -6.823   -0.438    1.078    1.500   10.800   12.773   13.392   13.909   19.705   19.974
           -0.518750  0.000000  0.981250
   -6.824   -0.440    1.074    1.511   10.788   12.727   13.434   13.931   19.649   20.013
           -0.525000  0.000000  0.975000
   -6.826   -0.442    1.068    1.527   10.770   12.673   13.486   13.961   19.589   20.049
           -0.531250  0.000000  0.968750
   -6.827   -0.445    1.061    1.547   10.747   12.614   13.545   13.996   19.527   20.079
           -0.537500  0.000000  0.962500
   -6.829   -0.449    1.051    1.571   10.719   12.555   13.609   14.037   19.463   20.101
           -0.543750  0.000000  0.956250
   -6.831   -0.453    1.041    1.599   10.684   12.496   13.675   14.082   19.397   20.113
           -0.550000  0.000000  0.950000
   -6.833   -0.457    1.030    1.629   10.645   12.440   13.742   14.132   19.331   20.116
           -0.556250  0.000000  0.943750
   -6.836   -0.463    1.018    1.663   10.600   12.387   13.811   14.186   19.263   20.108
           -0.562500  0.000000  0.937500
   -6.838   -0.468    1.005    1.700   10.550   12.338   13.881   14.243   19.195   20.089
           -0.568750  0.000000  0.931250
   -6.841   -0.474    0.992    1.738   10.495   12.292   13.951   14.304   19.126   20.059
           -0.575000  0.000000  0.925000
   -6.844   -0.480    0.979    1.778   10.437   12.250   14.022   14.368   19.057   20.020
           -0.581250  0.000000  0.918750
   -6.847   -0.486    0.965    1.820   10.374   12.212   14.093   14.435   18.987   19.972
           -0.587500  0.000000  0.912500
   -6.850   -0.492    0.952    1.863   10.309   12.177   14.165   14.504   18.916   19.916
           -0.593750  0.000000  0.906250
   -6.853   -0.498    0.939    1.908   10.241   12.146   14.236   14.575   18.846   19.854
           -0.600000  0.000000  0.900000
   -6.856   -0.505    0.926    1.953   10.171   12.117   14.308   14.648   18.775   19.785
           -0.606250  0.000000  0.893750
   -6.859   -0.511    0.913    1.998   10.100   12.091   14.381   14.723   18.704   19.712
           -0.612500  0.000000  0.887500
   -6.862   -0.518    0.901    2.044   10.028   12.068   14.453   14.798   18.634   19.635
           -0.618750  0.000000  0.881250
   -6.866   -0.524    0.889    2.090    9.956   12.046   14.526   14.875   18.563   19.554
           -0.625000  0.000000  0.875000
   -6.869   -0.530    0.877    2.136    9.883   12.027   14.599   14.952   18.493   19.471
           -0.631250  0.000000  0.868750
   -6.872   -0.537    0.866    2.181    9.812   12.009   14.672   15.030   18.423   19.386
           -0.637500  0.000000  0.862500
   -6.875   -0.543    0.855    2.226    9.741   11.993   14.746   15.107   18.354   19.299
           -0.643750  0.000000  0.856250
   -6.878   -0.548    0.844    2.270    9.672   11.979   14.819   15.184   18.285   19.211
           -0.650000  0.000000  0.850000
   -6.880   -0.554    0.835    2.314    9.604   11.965   14.892   15.261   18.218   19.123
           -0.656250  0.000000  0.843750
   -6.883   -0.559    0.825    2.356    9.539   11.953   14.964   15.337   18.152   19.034
           -0.662500  0.000000  0.837500
   -6.886   -0.564    0.817    2.396    9.476   11.942   15.036   15.411   18.088   18.945
           -0.668750  0.000000  0.831250
   -6.888   -0.569    0.808    2.435    9.416   11.932   15.108   15.484   18.026   18.857
           -0.675000  0.000000  0.825000
   -6.891   -0.574    0.801    2.472    9.359   11.923   15.178   15.554   17.966   18.770
           -0.681250  0.000000  0.818750
   -6.893   -0.578    0.794    2.508    9.306   11.915   15.247   15.622   17.909   18.685
           -0.687500  0.000000  0.812500
   -6.895   -0.582    0.787    2.540    9.256   11.908   15.314   15.686   17.856   18.601
           -0.693750  0.000000  0.806250
   -6.897   -0.586    0.781    2.571    9.210   11.901   15.379   15.746   17.807   18.520
           -0.700000  0.000000  0.800000
   -6.898   -0.589    0.776    2.599    9.169   11.896   15.441   15.801   17.763   18.442
           -0.706250  0.000000  0.793750
   -6.900   -0.592    0.771    2.623    9.131   11.891   15.500   15.850   17.724   18.368
           -0.712500  0.000000  0.787500
   -6.901   -0.594    0.767    2.645    9.099   11.886   15.555   15.893   17.691   18.300
           -0.718750  0.000000  0.781250
   -6.902   -0.596    0.764    2.664    9.071   11.883   15.604   15.930   17.664   18.237
           -0.725000  0.000000  0.775000
   -6.903   -0.598    0.761    2.680    9.047   11.880   15.648   15.959   17.643   18.182
           -0.731250  0.000000  0.768750
   -6.904   -0.599    0.759    2.692    9.029   11.878   15.684   15.981   17.629   18.137
           -0.737500  0.000000  0.762500
   -6.904   -0.600    0.757    2.701    9.016   11.876   15.712   15.996   17.620   18.102
           -0.743750  0.000000  0.756250
   -6.905   -0.601    0.756    2.706    9.008   11.875   15.729   16.004   17.615   18.081
           -0.750000  0.000000  0.750000
   -6.905   -0.601    0.756    2.708    9.006   11.875   15.734   16.007   17.613   18.073
           -0.731250  0.000000  0.731250
   -6.921   -0.573    0.687    2.776    9.111   12.188   15.499   15.779   17.480   17.858
           -0.712500  0.000000  0.712500
   -6.943   -0.551    0.645    2.848    9.220   12.483   15.268   15.558   17.379   17.643
           -0.693750  0.000000  0.693750
   -6.971   -0.534    0.630    2.923    9.334   12.750   15.042   15.346   17.321   17.428
           -0.675000  0.000000  0.675000
   -7.005   -0.521    0.643    3.000    9.452   12.979   14.822   15.143   17.215   17.315
           -0.656250  0.000000  0.656250
   -7.047   -0.509    0.680    3.080    9.574   13.158   14.607   14.949   17.005   17.372
           -0.637500  0.000000  0.637500
   -7.095   -0.494    0.738    3.162    9.701   13.283   14.398   14.764   16.799   17.496
           -0.618750  0.000000  0.618750
   -7.150   -0.472    0.815    3.246    9.831   13.352   14.194   14.589   16.597   17.689
           -0.600000  0.000000  0.600000
   -7.211   -0.441    0.907    3.331    9.964   13.372   13.997   14.422   16.402   17.944
           -0.581250  0.000000  0.581250
   -7.279   -0.398    1.012    3.416   10.100   13.350   13.805   14.265   16.213   18.251
           -0.562500  0.000000  0.562500
   -7.353   -0.342    1.128    3.502   10.237   13.297   13.619   14.116   16.032   18.600
           -0.543750  0.000000  0.543750
   -7.432   -0.272    1.253    3.587   10.375   13.223   13.438   13.976   15.859   18.979
           -0.525000  0.000000  0.525000
   -7.515   -0.187    1.385    3.672   10.512   13.138   13.263   13.845   15.697   19.377
           -0.506250  0.000000  0.506250
   -7.602   -0.089    1.525    3.756   10.645   13.045   13.096   13.721   15.546   19.782
           -0.487500  0.000000  0.487500
   -7.692    0.024    1.671    3.838   10.773   12.922   12.967   13.605   15.408   20.180
           -0.468750  0.000000  0.468750
   -7.784    0.151    1.822    3.918   10.890   12.766   12.884   13.494   15.284   20.546
           -0.450000  0.000000  0.450000
   -7.877    0.290    1.978    3.995   10.994   12.615   12.817   13.389   15.176   20.260
           -0.431250  0.000000  0.431250
   -7.970    0.442    2.137    4.070   11.077   12.470   12.769   13.288   15.085   19.853
           -0.412500  0.000000  0.412500
   -8.064    0.606    2.299    4.141   11.136   12.335   12.744   13.190   15.012   19.452
           -0.393750  0.000000  0.393750
   -8.156    0.780    2.463    4.209   11.165   12.209   12.743   13.095   14.959   19.061
           -0.375000  0.000000  0.375000
   -8.248    0.965    2.629    4.273   11.164   12.096   12.765   13.002   14.927   18.685
           -0.356250  0.000000  0.356250
   -8.337    1.160    2.795    4.333   11.133   11.995   12.806   12.910   14.915   18.327
           -0.337500  0.000000  0.337500
   -8.423    1.363    2.960    4.389   11.076   11.908   12.819   12.856   14.925   17.991
           -0.318750  0.000000  0.318750
   -8.507    1.574    3.124    4.440   10.999   11.835   12.730   12.907   14.955   17.683
           -0.300000  0.000000  0.300000
   -8.588    1.792    3.286    4.488   10.906   11.776   12.642   12.948   15.006   17.409
           -0.281250  0.000000  0.281250
   -8.665    2.016    3.444    4.531   10.802   11.729   12.557   12.972   15.076   17.173
           -0.262500  0.000000  0.262500
   -8.738    2.246    3.597    4.569   10.689   11.695   12.474   12.972   15.165   16.981
           -0.243750  0.000000  0.243750
   -8.807    2.479    3.746    4.604   10.568   11.671   12.395   12.942   15.270   16.837
           -0.225000  0.000000  0.225000
   -8.871    2.715    3.887    4.635   10.442   11.658   12.320   12.883   15.392   16.738
           -0.206250  0.000000  0.206250
   -8.931    2.952    4.021    4.663   10.311   11.654   12.249   12.796   15.527   16.683
           -0.187500  0.000000  0.187500
   -8.986    3.189    4.147    4.686   10.176   11.660   12.183   12.689   15.674   16.665
           -0.168750  0.000000  0.168750
   -9.037    3.423    4.263    4.707   10.036   11.673   12.122   12.568   15.832   16.676
           -0.150000  0.000000  0.150000
   -9.082    3.652    4.370    4.725    9.893   11.692   12.067   12.441   15.996   16.706
           -0.131250  0.000000  0.131250
   -9.122    3.872    4.465    4.740    9.749   11.716   12.018   12.317   16.165   16.749
           -0.112500  0.000000  0.112500
   -9.157    4.081    4.548    4.753    9.606   11.742   11.975   12.202   16.334   16.798
           -0.093750  0.000000  0.093750
   -9.186    4.273    4.620    4.763    9.469   11.770   11.938   12.099   16.497   16.846
           -0.075000  0.000000  0.075000
   -9.211    4.444    4.679    4.771    9.343   11.796   11.907   12.012   16.648   16.890
           -0.056250  0.000000  0.056250
   -9.230    4.586    4.725    4.777    9.234   11.819   11.884   11.943   16.781   16.926
           -0.037500  0.000000  0.037500
   -9.243    4.694    4.758    4.781    9.149   11.837   11.866   11.893   16.885   16.953
           -0.018750  0.000000  0.018750
   -9.252    4.762    4.778    4.784    9.096   11.849   11.856   11.863   16.951   16.969
            0.000000  0.000000  0.000000
   -9.254    4.785    4.785    4.785    9.077   11.853   11.853   11.853   16.975   16.975
