 &plot nbnd=  10, nks=   201 /
            0.000000  0.000000  1.000000
   -1.777   -1.777    3.183    3.183    6.699    6.699   15.833   15.833   16.767   16.767
            0.000000  0.000000  0.975000
   -1.964   -1.586    3.185    3.185    6.658    6.747   15.772   15.772   16.829   16.829
            0.000000  0.000000  0.950000
   -2.148   -1.392    3.192    3.192    6.624    6.803   15.620   15.620   16.983   16.983
            0.000000  0.000000  0.925000
   -2.329   -1.196    3.205    3.205    6.598    6.866   15.426   15.426   17.182   17.182
            0.000000  0.000000  0.900000
   -2.506   -0.997    3.221    3.221    6.578    6.936   15.211   15.211   17.401   17.401
            0.000000  0.000000  0.875000
   -2.679   -0.795    3.243    3.243    6.565    7.014   14.988   14.988   17.218   17.578
            0.000000  0.000000  0.850000
   -2.848   -0.590    3.270    3.270    6.559    7.100   14.761   14.761   17.017   17.339
            0.000000  0.000000  0.825000
   -3.014   -0.384    3.301    3.301    6.559    7.193   14.531   14.531   16.821   17.095
            0.000000  0.000000  0.800000
   -3.175   -0.175    3.337    3.337    6.566    7.294   14.301   14.301   16.630   16.847
            0.000000  0.000000  0.775000
   -3.333    0.036    3.377    3.377    6.579    7.403   14.071   14.071   16.446   16.595
            0.000000  0.000000  0.750000
   -3.486    0.248    3.423    3.423    6.599    7.520   13.841   13.841   16.267   16.340
            0.000000  0.000000  0.725000
   -3.635    0.462    3.473    3.473    6.624    7.644   13.613   13.613   16.082   16.093
            0.000000  0.000000  0.700000
   -3.779    0.678    3.527    3.527    6.656    7.776   13.385   13.385   15.822   15.926
            0.000000  0.000000  0.675000
   -3.919    0.894    3.587    3.587    6.693    7.915   13.158   13.158   15.560   15.764
            0.000000  0.000000  0.650000
   -4.055    1.112    3.650    3.650    6.736    8.062   12.933   12.933   15.298   15.608
            0.000000  0.000000  0.625000
   -4.185    1.331    3.718    3.718    6.784    8.215   12.708   12.708   15.034   15.458
            0.000000  0.000000  0.600000
   -4.312    1.550    3.791    3.791    6.838    8.375   12.486   12.486   14.771   15.314
            0.000000  0.000000  0.575000
   -4.433    1.770    3.868    3.868    6.896    8.542   12.265   12.265   14.509   15.175
            0.000000  0.000000  0.550000
   -4.550    1.991    3.949    3.949    6.960    8.713   12.045   12.045   14.249   15.043
            0.000000  0.000000  0.525000
   -4.661    2.212    4.033    4.033    7.028    8.890   11.827   11.827   13.992   14.916
            0.000000  0.000000  0.500000
   -4.768    2.433    4.122    4.122    7.100    9.069   11.611   11.611   13.739   14.795
            0.000000  0.000000  0.475000
   -4.870    2.654    4.215    4.215    7.176    9.251   11.397   11.397   13.493   14.680
            0.000000  0.000000  0.450000
   -4.967    2.874    4.311    4.311    7.256    9.431   11.185   11.185   13.255   14.570
            0.000000  0.000000  0.425000
   -5.059    3.094    4.411    4.411    7.339    9.608   10.976   10.976   13.029   14.467
            0.000000  0.000000  0.400000
   -5.146    3.314    4.514    4.514    7.424    9.776   10.769   10.769   12.820   14.369
            0.000000  0.000000  0.375000
   -5.228    3.532    4.620    4.620    7.512    9.928   10.566   10.566   12.634   14.278
            0.000000  0.000000  0.350000
   -5.304    3.749    4.728    4.728    7.602   10.055   10.366   10.366   12.481   14.192
            0.000000  0.000000  0.325000
   -5.376    3.965    4.838    4.838    7.693   10.145   10.169   10.169   12.372   14.112
            0.000000  0.000000  0.300000
   -5.442    4.178    4.951    4.951    7.784    9.977    9.977   10.186   12.320   14.038
            0.000000  0.000000  0.275000
   -5.503    4.388    5.064    5.064    7.874    9.791    9.791   10.172   12.328   13.970
            0.000000  0.000000  0.250000
   -5.559    4.595    5.177    5.177    7.963    9.610    9.610   10.107   12.394   13.908
            0.000000  0.000000  0.225000
   -5.609    4.797    5.290    5.290    8.050    9.436    9.436   10.001   12.506   13.851
            0.000000  0.000000  0.200000
   -5.655    4.992    5.400    5.400    8.133    9.270    9.270    9.868   12.650   13.801
            0.000000  0.000000  0.175000
   -5.695    5.180    5.507    5.507    8.211    9.114    9.114    9.720   12.811   13.757
            0.000000  0.000000  0.150000
   -5.729    5.356    5.609    5.609    8.283    8.970    8.970    9.568   12.978   13.718
            0.000000  0.000000  0.125000
   -5.759    5.519    5.704    5.704    8.347    8.840    8.840    9.420   13.142   13.686
            0.000000  0.000000  0.100000
   -5.783    5.664    5.788    5.788    8.401    8.726    8.726    9.284   13.294   13.659
            0.000000  0.000000  0.075000
   -5.802    5.785    5.858    5.858    8.446    8.633    8.633    9.168   13.424   13.638
            0.000000  0.000000  0.050000
   -5.815    5.878    5.911    5.911    8.478    8.563    8.563    9.077   13.525   13.623
            0.000000  0.000000  0.025000
   -5.823    5.936    5.945    5.945    8.498    8.520    8.520    9.020   13.590   13.615
            0.000000  0.000000  0.000000
   -5.826    5.956    5.956    5.956    8.505    8.505    8.505    9.000   13.612   13.612
           -0.012500  0.012500  0.012500
   -5.824    5.931    5.953    5.953    8.510    8.510    8.511    9.015   13.604   13.604
           -0.025000  0.025000  0.025000
   -5.818    5.858    5.943    5.943    8.525    8.525    8.526    9.063   13.583   13.583
           -0.037500  0.037500  0.037500
   -5.808    5.744    5.926    5.926    8.539    8.550    8.550    9.147   13.550   13.550
           -0.050000  0.050000  0.050000
   -5.794    5.596    5.903    5.903    8.542    8.583    8.583    9.268   13.505   13.505
           -0.062500  0.062500  0.062500
   -5.776    5.424    5.875    5.875    8.533    8.625    8.625    9.419   13.452   13.452
           -0.075000  0.075000  0.075000
   -5.754    5.232    5.842    5.842    8.513    8.674    8.674    9.594   13.394   13.394
           -0.087500  0.087500  0.087500
   -5.728    5.028    5.805    5.805    8.485    8.729    8.729    9.787   13.331   13.331
           -0.100000  0.100000  0.100000
   -5.698    4.813    5.765    5.765    8.451    8.788    8.788    9.991   13.268   13.268
           -0.112500  0.112500  0.112500
   -5.664    4.591    5.722    5.722    8.411    8.851    8.851   10.204   13.205   13.205
           -0.125000  0.125000  0.125000
   -5.626    4.365    5.677    5.677    8.368    8.917    8.917   10.422   13.146   13.146
           -0.137500  0.137500  0.137500
   -5.585    4.136    5.631    5.631    8.322    8.983    8.983   10.644   13.093   13.093
           -0.150000  0.150000  0.150000
   -5.539    3.905    5.583    5.583    8.274    9.049    9.049   10.868   13.046   13.046
           -0.162500  0.162500  0.162500
   -5.490    3.673    5.536    5.536    8.224    9.114    9.114   11.093   13.008   13.008
           -0.175000  0.175000  0.175000
   -5.437    3.440    5.488    5.488    8.174    9.176    9.176   11.319   12.980   12.980
           -0.187500  0.187500  0.187500
   -5.380    3.209    5.441    5.441    8.123    9.233    9.233   11.544   12.964   12.964
           -0.200000  0.200000  0.200000
   -5.320    2.979    5.394    5.394    8.073    9.286    9.286   11.769   12.962   12.962
           -0.212500  0.212500  0.212500
   -5.256    2.750    5.348    5.348    8.023    9.333    9.333   11.992   12.973   12.973
           -0.225000  0.225000  0.225000
   -5.189    2.523    5.304    5.304    7.973    9.373    9.373   12.212   12.999   12.999
           -0.237500  0.237500  0.237500
   -5.119    2.299    5.260    5.260    7.925    9.405    9.405   12.430   13.041   13.041
           -0.250000  0.250000  0.250000
   -5.045    2.078    5.218    5.218    7.878    9.431    9.431   12.643   13.099   13.099
           -0.262500  0.262500  0.262500
   -4.968    1.860    5.178    5.178    7.832    9.449    9.449   12.851   13.173   13.173
           -0.275000  0.275000  0.275000
   -4.888    1.645    5.139    5.139    7.789    9.461    9.461   13.049   13.262   13.262
           -0.287500  0.287500  0.287500
   -4.805    1.434    5.102    5.102    7.746    9.466    9.466   13.235   13.365   13.365
           -0.300000  0.300000  0.300000
   -4.720    1.228    5.067    5.067    7.706    9.465    9.465   13.403   13.483   13.483
           -0.312500  0.312500  0.312500
   -4.633    1.026    5.034    5.034    7.668    9.460    9.460   13.544   13.614   13.614
           -0.325000  0.325000  0.325000
   -4.543    0.829    5.002    5.002    7.632    9.452    9.452   13.651   13.758   13.758
           -0.337500  0.337500  0.337500
   -4.452    0.637    4.973    4.973    7.598    9.440    9.440   13.721   13.913   13.913
           -0.350000  0.350000  0.350000
   -4.360    0.452    4.946    4.946    7.567    9.426    9.426   13.758   14.079   14.079
           -0.362500  0.362500  0.362500
   -4.268    0.273    4.921    4.921    7.538    9.410    9.410   13.771   14.255   14.255
           -0.375000  0.375000  0.375000
   -4.175    0.102    4.898    4.898    7.511    9.394    9.394   13.767   14.440   14.440
           -0.387500  0.387500  0.387500
   -4.084   -0.060    4.877    4.877    7.487    9.378    9.378   13.755   14.633   14.633
           -0.400000  0.400000  0.400000
   -3.995   -0.214    4.859    4.859    7.465    9.362    9.362   13.737   14.833   14.833
           -0.412500  0.412500  0.412500
   -3.909   -0.356    4.842    4.842    7.446    9.347    9.347   13.718   15.040   15.040
           -0.425000  0.425000  0.425000
   -3.828   -0.486    4.828    4.828    7.429    9.333    9.333   13.699   15.253   15.253
           -0.437500  0.437500  0.437500
   -3.754   -0.601    4.816    4.816    7.415    9.321    9.321   13.681   15.470   15.470
           -0.450000  0.450000  0.450000
   -3.689   -0.701    4.806    4.806    7.403    9.310    9.310   13.665   15.690   15.690
           -0.462500  0.462500  0.462500
   -3.635   -0.781    4.798    4.798    7.394    9.302    9.302   13.653   15.908   15.908
           -0.475000  0.475000  0.475000
   -3.595   -0.841    4.793    4.793    7.387    9.296    9.296   13.644   16.116   16.116
           -0.487500  0.487500  0.487500
   -3.569   -0.877    4.789    4.789    7.383    9.292    9.292   13.638   16.290   16.290
           -0.500000  0.500000  0.500000
   -3.561   -0.890    4.788    4.788    7.382    9.291    9.291   13.636   16.367   16.367
           -0.500000  0.487500  0.512500
   -3.559   -0.889    4.775    4.786    7.395    9.289    9.296   13.642   16.310   16.351
           -0.500000  0.475000  0.525000
   -3.555   -0.887    4.736    4.778    7.431    9.282    9.312   13.660   16.175   16.305
           -0.500000  0.462500  0.537500
   -3.549   -0.884    4.674    4.766    7.489    9.271    9.339   13.688   16.007   16.237
           -0.500000  0.450000  0.550000
   -3.539   -0.879    4.592    4.749    7.564    9.256    9.377   13.725   15.825   16.155
           -0.500000  0.437500  0.562500
   -3.527   -0.873    4.493    4.726    7.652    9.238    9.427   13.770   15.638   16.065
           -0.500000  0.425000  0.575000
   -3.512   -0.866    4.382    4.699    7.748    9.217    9.490   13.820   15.449   15.974
           -0.500000  0.412500  0.587500
   -3.495   -0.858    4.262    4.667    7.850    9.195    9.566   13.871   15.260   15.887
           -0.500000  0.400000  0.600000
   -3.475   -0.849    4.134    4.630    7.953    9.173    9.658   13.918   15.071   15.809
           -0.500000  0.387500  0.612500
   -3.452   -0.839    4.002    4.589    8.055    9.151    9.764   13.957   14.885   15.746
           -0.500000  0.375000  0.625000
   -3.427   -0.829    3.866    4.542    8.154    9.129    9.885   13.981   14.699   15.703
           -0.500000  0.362500  0.637500
   -3.399   -0.818    3.729    4.491    8.248    9.110   10.022   13.987   14.516   15.685
           -0.500000  0.350000  0.650000
   -3.369   -0.806    3.592    4.436    8.339    9.092   10.173   13.969   14.335   15.695
           -0.500000  0.337500  0.662500
   -3.336   -0.795    3.455    4.377    8.425    9.078   10.337   13.928   14.156   15.733
           -0.500000  0.325000  0.675000
   -3.300   -0.783    3.320    4.313    8.506    9.067   10.514   13.865   13.980   15.795
           -0.500000  0.312500  0.687500
   -3.262   -0.772    3.187    4.246    8.585    9.060   10.702   13.784   13.806   15.876
           -0.500000  0.300000  0.700000
   -3.221   -0.761    3.058    4.175    8.661    9.056   10.899   13.634   13.688   15.972
           -0.500000  0.287500  0.712500
   -3.178   -0.752    2.932    4.101    8.735    9.057   11.105   13.465   13.582   16.076
           -0.500000  0.275000  0.725000
   -3.132   -0.744    2.811    4.024    8.807    9.063   11.319   13.299   13.467   16.184
           -0.500000  0.262500  0.737500
   -3.084   -0.738    2.695    3.944    8.879    9.073   11.539   13.136   13.346   16.292
           -0.500000  0.250000  0.750000
   -3.033   -0.734    2.585    3.862    8.950    9.088   11.764   12.975   13.221   16.396
           -0.500000  0.237500  0.762500
   -2.980   -0.734    2.482    3.778    9.022    9.107   11.995   12.818   13.093   16.493
           -0.500000  0.225000  0.775000
   -2.925   -0.737    2.386    3.692    9.095    9.132   12.228   12.665   12.964   16.582
           -0.500000  0.212500  0.787500
   -2.867   -0.744    2.299    3.605    9.160    9.168   12.441   12.539   12.833   16.661
           -0.500000  0.200000  0.800000
   -2.807   -0.755    2.219    3.517    9.194    9.242   12.353   12.703   12.720   16.729
           -0.500000  0.187500  0.812500
   -2.745   -0.772    2.149    3.428    9.232    9.317   12.210   12.572   12.962   16.787
           -0.500000  0.175000  0.825000
   -2.681   -0.793    2.089    3.338    9.274    9.394   12.067   12.442   13.207   16.834
           -0.500000  0.162500  0.837500
   -2.615   -0.821    2.039    3.249    9.320    9.472   11.928   12.312   13.455   16.872
           -0.500000  0.150000  0.850000
   -2.547   -0.855    1.999    3.160    9.371    9.551   11.792   12.184   13.704   16.901
           -0.500000  0.137500  0.862500
   -2.477   -0.894    1.969    3.071    9.426    9.631   11.659   12.057   13.952   16.920
           -0.500000  0.125000  0.875000
   -2.405   -0.940    1.949    2.983    9.485    9.713   11.529   11.931   14.200   16.929
           -0.500000  0.112500  0.887500
   -2.332   -0.991    1.940    2.897    9.547    9.796   11.404   11.808   14.447   16.929
           -0.500000  0.100000  0.900000
   -2.257   -1.047    1.940    2.811    9.613    9.880   11.284   11.686   14.690   16.919
           -0.500000  0.087500  0.912500
   -2.181   -1.108    1.949    2.728    9.682    9.963   11.168   11.567   14.930   16.897
           -0.500000  0.075000  0.925000
   -2.103   -1.174    1.966    2.647    9.754   10.045   11.060   11.450   15.163   16.864
           -0.500000  0.062500  0.937500
   -2.025   -1.243    1.992    2.567    9.829   10.123   10.960   11.336   15.390   16.817
           -0.500000  0.050000  0.950000
   -1.945   -1.315    2.025    2.491    9.907   10.192   10.874   11.226   15.606   16.756
           -0.500000  0.037500  0.962500
   -1.865   -1.390    2.065    2.418    9.985   10.245   10.811   11.120   15.811   16.677
           -0.500000  0.025000  0.975000
   -1.785   -1.467    2.111    2.348   10.063   10.267   10.783   11.020   16.001   16.581
           -0.500000  0.012500  0.987500
   -1.704   -1.545    2.163    2.282   10.137   10.251   10.799   10.929   16.175   16.465
           -0.500000  0.000000  1.000000
   -1.624   -1.624    2.220    2.220   10.204   10.204   10.852   10.852   16.330   16.330
           -0.506250  0.000000  0.993750
   -1.652   -1.597    2.199    2.242   10.167   10.222   10.844   10.879   16.278   16.380
           -0.512500  0.000000  0.987500
   -1.679   -1.570    2.179    2.266   10.104   10.235   10.865   10.912   16.224   16.426
           -0.518750  0.000000  0.981250
   -1.706   -1.545    2.159    2.292   10.021   10.244   10.907   10.951   16.168   16.467
           -0.525000  0.000000  0.975000
   -1.732   -1.520    2.140    2.320    9.927   10.248   10.963   10.994   16.111   16.503
           -0.531250  0.000000  0.968750
   -1.757   -1.497    2.121    2.349    9.826   10.250   11.026   11.042   16.053   16.534
           -0.537500  0.000000  0.962500
   -1.781   -1.475    2.102    2.380    9.721   10.248   11.094   11.096   15.994   16.557
           -0.543750  0.000000  0.956250
   -1.805   -1.454    2.084    2.413    9.614   10.245   11.149   11.170   15.934   16.573
           -0.550000  0.000000  0.950000
   -1.828   -1.434    2.067    2.448    9.506   10.240   11.207   11.246   15.872   16.581
           -0.556250  0.000000  0.943750
   -1.850   -1.415    2.049    2.484    9.397   10.233   11.267   11.325   15.810   16.579
           -0.562500  0.000000  0.937500
   -1.872   -1.398    2.033    2.521    9.289   10.225   11.329   11.406   15.747   16.569
           -0.568750  0.000000  0.931250
   -1.893   -1.381    2.017    2.560    9.181   10.217   11.392   11.488   15.683   16.549
           -0.575000  0.000000  0.925000
   -1.913   -1.365    2.001    2.601    9.074   10.208   11.457   11.571   15.618   16.521
           -0.581250  0.000000  0.918750
   -1.932   -1.350    1.986    2.642    8.968   10.199   11.523   11.656   15.552   16.484
           -0.587500  0.000000  0.912500
   -1.951   -1.336    1.972    2.685    8.864   10.190   11.591   11.741   15.486   16.440
           -0.593750  0.000000  0.906250
   -1.969   -1.323    1.958    2.729    8.760   10.181   11.659   11.827   15.419   16.388
           -0.600000  0.000000  0.900000
   -1.987   -1.311    1.944    2.774    8.659   10.171   11.728   11.914   15.351   16.330
           -0.606250  0.000000  0.893750
   -2.004   -1.300    1.931    2.819    8.559   10.162   11.798   12.002   15.283   16.266
           -0.612500  0.000000  0.887500
   -2.019   -1.289    1.919    2.865    8.460   10.153   11.868   12.091   15.214   16.198
           -0.618750  0.000000  0.881250
   -2.035   -1.280    1.907    2.911    8.364   10.144   11.939   12.180   15.145   16.125
           -0.625000  0.000000  0.875000
   -2.049   -1.270    1.895    2.958    8.270   10.135   12.011   12.270   15.075   16.049
           -0.631250  0.000000  0.868750
   -2.063   -1.262    1.884    3.005    8.179   10.127   12.083   12.360   15.004   15.969
           -0.637500  0.000000  0.862500
   -2.076   -1.254    1.874    3.052    8.089   10.118   12.156   12.451   14.934   15.887
           -0.643750  0.000000  0.856250
   -2.089   -1.247    1.864    3.098    8.003   10.111   12.228   12.542   14.863   15.802
           -0.650000  0.000000  0.850000
   -2.101   -1.241    1.855    3.144    7.920   10.103   12.302   12.634   14.791   15.716
           -0.656250  0.000000  0.843750
   -2.112   -1.235    1.846    3.190    7.839   10.096   12.375   12.727   14.720   15.628
           -0.662500  0.000000  0.837500
   -2.122   -1.229    1.838    3.234    7.762   10.089   12.448   12.819   14.648   15.538
           -0.668750  0.000000  0.831250
   -2.132   -1.224    1.831    3.277    7.688   10.083   12.522   12.912   14.576   15.447
           -0.675000  0.000000  0.825000
   -2.140   -1.220    1.824    3.319    7.619   10.077   12.595   13.005   14.504   15.355
           -0.681250  0.000000  0.818750
   -2.149   -1.216    1.817    3.359    7.553   10.072   12.668   13.099   14.432   15.263
           -0.687500  0.000000  0.812500
   -2.156   -1.212    1.811    3.397    7.492   10.067   12.741   13.192   14.360   15.170
           -0.693750  0.000000  0.806250
   -2.163   -1.209    1.806    3.432    7.435   10.062   12.813   13.286   14.289   15.077
           -0.700000  0.000000  0.800000
   -2.169   -1.206    1.801    3.465    7.383   10.058   12.885   13.379   14.219   14.983
           -0.706250  0.000000  0.793750
   -2.174   -1.204    1.797    3.495    7.337   10.055   12.955   13.472   14.149   14.890
           -0.712500  0.000000  0.787500
   -2.179   -1.202    1.793    3.521    7.296   10.052   13.023   13.564   14.081   14.798
           -0.718750  0.000000  0.781250
   -2.183   -1.200    1.790    3.544    7.261   10.049   13.089   13.655   14.016   14.706
           -0.725000  0.000000  0.775000
   -2.186   -1.198    1.787    3.564    7.232   10.047   13.151   13.744   13.954   14.617
           -0.731250  0.000000  0.768750
   -2.189   -1.197    1.785    3.579    7.209   10.045   13.207   13.828   13.899   14.533
           -0.737500  0.000000  0.762500
   -2.190   -1.197    1.784    3.590    7.192   10.044   13.254   13.853   13.904   14.457
           -0.743750  0.000000  0.756250
   -2.191   -1.196    1.783    3.597    7.182   10.043   13.285   13.822   13.962   14.399
           -0.750000  0.000000  0.750000
   -2.192   -1.196    1.783    3.599    7.179   10.043   13.296   13.810   13.985   14.376
           -0.731250  0.000000  0.731250
   -2.279   -1.106    1.728    3.661    7.251   10.416   13.072   13.578   13.803   14.182
           -0.712500  0.000000  0.712500
   -2.375   -1.009    1.691    3.727    7.327   10.794   12.852   13.354   13.624   13.993
           -0.693750  0.000000  0.693750
   -2.481   -0.907    1.671    3.797    7.408   11.172   12.635   13.141   13.448   13.809
           -0.675000  0.000000  0.675000
   -2.594   -0.797    1.669    3.870    7.492   11.541   12.423   12.948   13.276   13.633
           -0.656250  0.000000  0.656250
   -2.714   -0.682    1.683    3.946    7.579   11.874   12.215   12.802   13.108   13.463
           -0.637500  0.000000  0.637500
   -2.840   -0.560    1.712    4.026    7.670   12.013   12.077   12.796   12.944   13.300
           -0.618750  0.000000  0.618750
   -2.970   -0.432    1.756    4.107    7.763   11.814   12.053   12.786   13.024   13.145
           -0.600000  0.000000  0.600000
   -3.103   -0.297    1.813    4.192    7.858   11.622   11.915   12.634   12.998   13.374
           -0.581250  0.000000  0.581250
   -3.239   -0.157    1.883    4.278    7.955   11.434   11.748   12.489   12.860   13.758
           -0.562500  0.000000  0.562500
   -3.376   -0.010    1.965    4.366    8.053   11.251   11.573   12.351   12.730   14.153
           -0.543750  0.000000  0.543750
   -3.514    0.143    2.057    4.455    8.150   11.074   11.397   12.221   12.610   14.547
           -0.525000  0.000000  0.525000
   -3.651    0.302    2.159    4.545    8.247   10.903   11.225   12.100   12.500   14.933
           -0.506250  0.000000  0.506250
   -3.787    0.467    2.270    4.635    8.342   10.737   11.056   11.988   12.400   15.303
           -0.487500  0.000000  0.487500
   -3.921    0.638    2.390    4.726    8.433   10.576   10.892   11.886   12.311   15.647
           -0.468750  0.000000  0.468750
   -4.053    0.815    2.517    4.815    8.520   10.422   10.733   11.796   12.233   15.950
           -0.450000  0.000000  0.450000
   -4.182    0.998    2.652    4.904    8.601   10.273   10.579   11.718   12.167   16.198
           -0.431250  0.000000  0.431250
   -4.307    1.187    2.793    4.992    8.675   10.130   10.430   11.652   12.113   16.377
           -0.412500  0.000000  0.412500
   -4.430    1.381    2.940    5.077    8.741    9.993   10.287   11.599   12.071   16.480
           -0.393750  0.000000  0.393750
   -4.548    1.581    3.093    5.160    8.796    9.862   10.149   11.559   12.043   16.357
           -0.375000  0.000000  0.375000
   -4.662    1.786    3.250    5.240    8.841    9.736   10.016   11.530   12.027   15.964
           -0.356250  0.000000  0.356250
   -4.771    1.997    3.412    5.317    8.875    9.617    9.889   11.511   12.025   15.583
           -0.337500  0.000000  0.337500
   -4.876    2.212    3.578    5.390    8.899    9.503    9.767   11.498   12.037   15.217
           -0.318750  0.000000  0.318750
   -4.976    2.433    3.746    5.458    8.912    9.396    9.650   11.487   12.063   14.870
           -0.300000  0.000000  0.300000
   -5.070    2.659    3.917    5.522    8.916    9.295    9.538   11.471   12.103   14.547
           -0.281250  0.000000  0.281250
   -5.160    2.889    4.090    5.581    8.912    9.199    9.432   11.441   12.156   14.256
           -0.262500  0.000000  0.262500
   -5.245    3.123    4.263    5.636    8.901    9.110    9.330   11.388   12.223   14.004
           -0.243750  0.000000  0.243750
   -5.323    3.361    4.437    5.686    8.885    9.027    9.233   11.302   12.302   13.799
           -0.225000  0.000000  0.225000
   -5.397    3.602    4.609    5.731    8.865    8.950    9.142   11.176   12.394   13.645
           -0.206250  0.000000  0.206250
   -5.465    3.846    4.778    5.771    8.842    8.879    9.055   11.010   12.496   13.542
           -0.187500  0.000000  0.187500
   -5.527    4.091    4.944    5.806    8.814    8.817    8.973   10.809   12.609   13.484
           -0.168750  0.000000  0.168750
   -5.583    4.337    5.105    5.837    8.755    8.791    8.896   10.581   12.730   13.461
           -0.150000  0.000000  0.150000
   -5.634    4.582    5.259    5.864    8.703    8.765    8.824   10.336   12.856   13.462
           -0.131250  0.000000  0.131250
   -5.679    4.824    5.403    5.887    8.656    8.738    8.757   10.085   12.986   13.478
           -0.112500  0.000000  0.112500
   -5.718    5.060    5.537    5.906    8.616    8.696    8.710    9.837   13.117   13.502
           -0.093750  0.000000  0.093750
   -5.751    5.286    5.656    5.922    8.582    8.642    8.680    9.602   13.243   13.530
           -0.075000  0.000000  0.075000
   -5.778    5.495    5.759    5.935    8.554    8.595    8.646    9.391   13.361   13.556
           -0.056250  0.000000  0.056250
   -5.799    5.679    5.843    5.944    8.533    8.557    8.605    9.218   13.463   13.579
           -0.037500  0.000000  0.037500
   -5.814    5.826    5.905    5.951    8.517    8.528    8.560    9.094   13.543   13.597
           -0.018750  0.000000  0.018750
   -5.823    5.923    5.944    5.955    8.508    8.511    8.521    9.023   13.594   13.608
            0.000000  0.000000  0.000000
   -5.826    5.956    5.956    5.956    8.505    8.505    8.505    9.000   13.612   13.612
