 &plot nbnd=  30, nks=   241 /
            0.000000  0.000000  0.000000
 -121.525 -120.654  -76.890  -75.956  -75.341  -75.341  -74.572  -74.572   -9.512   -6.884
   -4.148   -4.069   -4.069   -2.924   -2.924   -1.734   -1.734   -1.448   -1.448   -1.418
    2.266    4.522    4.522    6.998    7.972    7.972    8.223   10.985   13.209   13.209
            0.000000  0.000000  0.007628
 -121.525 -120.654  -76.890  -75.956  -75.341  -75.341  -74.572  -74.572   -9.512   -6.884
   -4.148   -4.069   -4.069   -2.924   -2.924   -1.734   -1.734   -1.448   -1.448   -1.419
    2.268    4.522    4.522    6.994    7.972    7.972    8.226   10.985   13.208   13.208
            0.000000  0.000000  0.015256
 -121.525 -120.654  -76.890  -75.956  -75.341  -75.341  -74.572  -74.572   -9.512   -6.884
   -4.148   -4.069   -4.069   -2.924   -2.924   -1.734   -1.734   -1.448   -1.448   -1.420
    2.271    4.522    4.522    6.984    7.972    7.972    8.233   10.984   13.208   13.208
            0.000000  0.000000  0.022883
 -121.525 -120.654  -76.890  -75.956  -75.341  -75.341  -74.572  -74.572   -9.512   -6.884
   -4.149   -4.069   -4.069   -2.924   -2.924   -1.734   -1.734   -1.448   -1.448   -1.421
    2.276    4.522    4.522    6.968    7.971    7.971    8.246   10.984   13.207   13.207
            0.000000  0.000000  0.030511
 -121.525 -120.654  -76.890  -75.956  -75.341  -75.341  -74.572  -74.572   -9.512   -6.884
   -4.149   -4.069   -4.069   -2.924   -2.924   -1.734   -1.734   -1.448   -1.448   -1.423
    2.284    4.522    4.522    6.946    7.971    7.971    8.263   10.984   13.206   13.206
            0.000000  0.000000  0.038139
 -121.525 -120.654  -76.890  -75.956  -75.341  -75.341  -74.572  -74.572   -9.512   -6.885
   -4.149   -4.069   -4.069   -2.924   -2.924   -1.734   -1.734   -1.448   -1.448   -1.425
    2.293    4.523    4.523    6.918    7.970    7.970    8.285   10.983   13.205   13.205
            0.000000  0.000000  0.045767
 -121.525 -120.654  -76.890  -75.956  -75.341  -75.341  -74.572  -74.572   -9.512   -6.885
   -4.149   -4.069   -4.069   -2.924   -2.924   -1.734   -1.734   -1.448   -1.448   -1.428
    2.305    4.523    4.523    6.886    7.969    7.969    8.309   10.983   13.204   13.204
            0.000000  0.000000  0.053395
 -121.525 -120.654  -76.890  -75.956  -75.341  -75.341  -74.572  -74.572   -9.511   -6.885
   -4.149   -4.069   -4.069   -2.924   -2.924   -1.734   -1.734   -1.448   -1.448   -1.431
    2.318    4.524    4.524    6.850    7.968    7.968    8.337   10.982   13.202   13.202
            0.000000  0.000000  0.061022
 -121.525 -120.654  -76.890  -75.956  -75.341  -75.341  -74.572  -74.572   -9.511   -6.885
   -4.149   -4.069   -4.069   -2.924   -2.924   -1.734   -1.734   -1.448   -1.448   -1.434
    2.334    4.524    4.524    6.810    7.966    7.966    8.367   10.981   13.200   13.200
            0.000000  0.000000  0.068650
 -121.525 -120.654  -76.890  -75.956  -75.341  -75.341  -74.572  -74.572   -9.511   -6.886
   -4.150   -4.069   -4.069   -2.924   -2.924   -1.734   -1.734   -1.448   -1.448   -1.438
    2.351    4.525    4.525    6.766    7.965    7.965    8.399   10.980   13.198   13.198
            0.000000  0.000000  0.076278
 -121.525 -120.654  -76.890  -75.956  -75.341  -75.341  -74.572  -74.572   -9.511   -6.886
   -4.150   -4.069   -4.069   -2.924   -2.924   -1.734   -1.734   -1.448   -1.448   -1.443
    2.370    4.526    4.526    6.720    7.964    7.964    8.432   10.979   13.196   13.196
            0.000000  0.000000  0.083906
 -121.525 -120.654  -76.890  -75.956  -75.341  -75.341  -74.572  -74.572   -9.510   -6.887
   -4.150   -4.069   -4.069   -2.924   -2.924   -1.734   -1.734   -1.448   -1.448   -1.447
    2.391    4.526    4.526    6.672    7.962    7.962    8.466   10.977   13.194   13.194
            0.000000  0.000000  0.091534
 -121.525 -120.654  -76.890  -75.956  -75.341  -75.341  -74.572  -74.572   -9.510   -6.887
   -4.150   -4.069   -4.069   -2.924   -2.924   -1.734   -1.734   -1.452   -1.448   -1.448
    2.414    4.527    4.527    6.622    7.961    7.961    8.502   10.976   13.191   13.191
            0.000000  0.000000  0.099161
 -121.525 -120.654  -76.890  -75.956  -75.341  -75.341  -74.572  -74.572   -9.509   -6.887
   -4.150   -4.069   -4.069   -2.925   -2.925   -1.734   -1.734   -1.457   -1.448   -1.448
    2.438    4.528    4.528    6.570    7.959    7.959    8.537   10.974   13.189   13.189
            0.000000  0.000000  0.106789
 -121.525 -120.654  -76.890  -75.956  -75.341  -75.341  -74.572  -74.572   -9.509   -6.888
   -4.151   -4.069   -4.069   -2.925   -2.925   -1.734   -1.734   -1.463   -1.448   -1.448
    2.464    4.528    4.528    6.517    7.956    7.956    8.573   10.972   13.186   13.186
            0.000000  0.000000  0.114417
 -121.525 -120.654  -76.890  -75.956  -75.341  -75.341  -74.572  -74.572   -9.509   -6.888
   -4.151   -4.069   -4.069   -2.925   -2.925   -1.734   -1.734   -1.468   -1.448   -1.448
    2.491    4.529    4.529    6.463    7.954    7.954    8.609   10.970   13.183   13.183
            0.000000  0.000000  0.122045
 -121.525 -120.654  -76.890  -75.956  -75.341  -75.341  -74.572  -74.572   -9.508   -6.889
   -4.151   -4.069   -4.069   -2.925   -2.925   -1.734   -1.734   -1.474   -1.448   -1.448
    2.520    4.530    4.530    6.409    7.952    7.952    8.645   10.967   13.181   13.181
            0.000000  0.000000  0.129673
 -121.525 -120.654  -76.890  -75.956  -75.341  -75.341  -74.572  -74.572   -9.508   -6.890
   -4.152   -4.069   -4.069   -2.925   -2.925   -1.734   -1.734   -1.480   -1.448   -1.448
    2.549    4.531    4.531    6.353    7.949    7.949    8.679   10.964   13.178   13.178
            0.000000  0.000000  0.137300
 -121.525 -120.654  -76.890  -75.956  -75.341  -75.341  -74.572  -74.572   -9.507   -6.890
   -4.152   -4.069   -4.069   -2.925   -2.925   -1.733   -1.733   -1.486   -1.448   -1.448
    2.580    4.533    4.533    6.297    7.947    7.947    8.714   10.961   13.176   13.176
            0.000000  0.000000  0.144928
 -121.525 -120.654  -76.890  -75.956  -75.341  -75.341  -74.572  -74.572   -9.507   -6.891
   -4.153   -4.069   -4.069   -2.925   -2.925   -1.733   -1.733   -1.492   -1.448   -1.448
    2.612    4.534    4.534    6.241    7.945    7.945    8.748   10.958   13.173   13.173
            0.000000  0.000000  0.152556
 -121.525 -120.654  -76.890  -75.956  -75.341  -75.341  -74.572  -74.572   -9.507   -6.891
   -4.153   -4.069   -4.069   -2.925   -2.925   -1.733   -1.733   -1.498   -1.448   -1.448
    2.644    4.535    4.535    6.186    7.943    7.943    8.781   10.954   13.170   13.170
            0.000000  0.000000  0.160184
 -121.525 -120.654  -76.890  -75.956  -75.341  -75.341  -74.572  -74.572   -9.506   -6.892
   -4.154   -4.069   -4.069   -2.925   -2.925   -1.733   -1.733   -1.503   -1.448   -1.448
    2.677    4.535    4.535    6.131    7.941    7.941    8.813   10.951   13.168   13.168
            0.000000  0.000000  0.167812
 -121.525 -120.654  -76.890  -75.956  -75.341  -75.341  -74.572  -74.572   -9.506   -6.892
   -4.154   -4.069   -4.069   -2.926   -2.926   -1.733   -1.733   -1.509   -1.448   -1.448
    2.710    4.536    4.536    6.076    7.938    7.938    8.845   10.947   13.165   13.165
            0.000000  0.000000  0.175439
 -121.525 -120.654  -76.890  -75.956  -75.341  -75.341  -74.572  -74.572   -9.505   -6.893
   -4.154   -4.069   -4.069   -2.926   -2.926   -1.733   -1.733   -1.515   -1.448   -1.448
    2.744    4.537    4.537    6.022    7.936    7.936    8.875   10.943   13.163   13.163
            0.000000  0.000000  0.183067
 -121.525 -120.654  -76.890  -75.956  -75.341  -75.341  -74.572  -74.572   -9.505   -6.894
   -4.155   -4.069   -4.069   -2.926   -2.926   -1.733   -1.733   -1.520   -1.448   -1.448
    2.778    4.538    4.538    5.970    7.933    7.933    8.904   10.939   13.161   13.161
            0.000000  0.000000  0.190695
 -121.525 -120.654  -76.890  -75.956  -75.341  -75.341  -74.572  -74.572   -9.504   -6.894
   -4.155   -4.069   -4.069   -2.926   -2.926   -1.733   -1.733   -1.525   -1.448   -1.448
    2.811    4.539    4.539    5.918    7.931    7.931    8.931   10.935   13.159   13.159
            0.000000  0.000000  0.198323
 -121.525 -120.654  -76.890  -75.956  -75.341  -75.341  -74.572  -74.572   -9.504   -6.894
   -4.155   -4.069   -4.069   -2.926   -2.926   -1.733   -1.733   -1.530   -1.448   -1.448
    2.844    4.540    4.540    5.868    7.929    7.929    8.958   10.930   13.157   13.157
            0.000000  0.000000  0.205950
 -121.525 -120.654  -76.890  -75.956  -75.341  -75.341  -74.572  -74.572   -9.504   -6.895
   -4.156   -4.069   -4.069   -2.926   -2.926   -1.733   -1.733   -1.535   -1.447   -1.447
    2.877    4.541    4.541    5.820    7.927    7.927    8.983   10.926   13.155   13.155
            0.000000  0.000000  0.213578
 -121.525 -120.654  -76.890  -75.956  -75.341  -75.341  -74.572  -74.572   -9.503   -6.895
   -4.156   -4.069   -4.069   -2.926   -2.926   -1.733   -1.733   -1.540   -1.447   -1.447
    2.909    4.542    4.542    5.773    7.925    7.925    9.006   10.922   13.154   13.154
            0.000000  0.000000  0.221206
 -121.525 -120.654  -76.890  -75.956  -75.341  -75.341  -74.572  -74.572   -9.503   -6.896
   -4.156   -4.069   -4.069   -2.926   -2.926   -1.732   -1.732   -1.544   -1.447   -1.447
    2.940    4.543    4.543    5.729    7.924    7.924    9.028   10.918   13.152   13.152
            0.000000  0.000000  0.228834
 -121.525 -120.654  -76.890  -75.956  -75.341  -75.341  -74.572  -74.572   -9.503   -6.896
   -4.157   -4.069   -4.069   -2.926   -2.926   -1.732   -1.732   -1.548   -1.447   -1.447
    2.969    4.544    4.544    5.687    7.922    7.922    9.048   10.914   13.151   13.151
            0.000000  0.000000  0.236462
 -121.525 -120.654  -76.890  -75.956  -75.341  -75.341  -74.572  -74.572   -9.502   -6.897
   -4.157   -4.069   -4.069   -2.926   -2.926   -1.732   -1.732   -1.552   -1.447   -1.447
    2.997    4.544    4.544    5.648    7.921    7.921    9.067   10.910   13.149   13.149
            0.000000  0.000000  0.244089
 -121.525 -120.654  -76.890  -75.956  -75.341  -75.341  -74.572  -74.572   -9.502   -6.897
   -4.157   -4.069   -4.069   -2.926   -2.926   -1.732   -1.732   -1.555   -1.447   -1.447
    3.023    4.545    4.545    5.612    7.919    7.919    9.084   10.906   13.148   13.148
            0.000000  0.000000  0.251717
 -121.525 -120.654  -76.890  -75.956  -75.341  -75.341  -74.572  -74.572   -9.502   -6.897
   -4.157   -4.069   -4.069   -2.926   -2.926   -1.732   -1.732   -1.558   -1.447   -1.447
    3.047    4.545    4.545    5.579    7.918    7.918    9.099   10.903   13.147   13.147
            0.000000  0.000000  0.259345
 -121.525 -120.654  -76.890  -75.956  -75.341  -75.341  -74.572  -74.572   -9.502   -6.898
   -4.157   -4.069   -4.069   -2.926   -2.926   -1.732   -1.732   -1.561   -1.447   -1.447
    3.068    4.546    4.546    5.550    7.917    7.917    9.112   10.900   13.146   13.146
            0.000000  0.000000  0.266973
 -121.525 -120.654  -76.890  -75.956  -75.341  -75.341  -74.572  -74.572   -9.501   -6.898
   -4.158   -4.069   -4.069   -2.927   -2.927   -1.732   -1.732   -1.563   -1.447   -1.447
    3.087    4.546    4.546    5.525    7.916    7.916    9.123   10.897   13.146   13.146
            0.000000  0.000000  0.274601
 -121.525 -120.654  -76.890  -75.956  -75.341  -75.341  -74.572  -74.572   -9.501   -6.898
   -4.158   -4.069   -4.069   -2.927   -2.927   -1.732   -1.732   -1.565   -1.447   -1.447
    3.103    4.547    4.547    5.504    7.915    7.915    9.132   10.894   13.145   13.145
            0.000000  0.000000  0.282228
 -121.525 -120.654  -76.890  -75.956  -75.341  -75.341  -74.572  -74.572   -9.501   -6.898
   -4.158   -4.069   -4.069   -2.927   -2.927   -1.732   -1.732   -1.567   -1.447   -1.447
    3.115    4.547    4.547    5.488    7.914    7.914    9.139   10.892   13.144   13.144
            0.000000  0.000000  0.289856
 -121.525 -120.654  -76.890  -75.956  -75.341  -75.341  -74.572  -74.572   -9.501   -6.899
   -4.159   -4.069   -4.069   -2.927   -2.927   -1.732   -1.732   -1.568   -1.447   -1.447
    3.124    4.547    4.547    5.476    7.914    7.914    9.144   10.890   13.144   13.144
            0.000000  0.000000  0.297484
 -121.525 -120.654  -76.890  -75.956  -75.341  -75.341  -74.572  -74.572   -9.501   -6.899
   -4.159   -4.069   -4.069   -2.927   -2.927   -1.732   -1.732   -1.569   -1.447   -1.447
    3.129    4.547    4.547    5.468    7.913    7.913    9.147   10.889   13.144   13.144
            0.000000  0.000000  0.305112
 -121.525 -120.654  -76.890  -75.956  -75.341  -75.341  -74.572  -74.572   -9.501   -6.899
   -4.159   -4.069   -4.069   -2.927   -2.927   -1.732   -1.732   -1.569   -1.447   -1.447
    3.131    4.547    4.547    5.466    7.913    7.913    9.148   10.889   13.144   13.144
            0.008333  0.014434  0.305112
 -121.525 -120.654  -76.890  -75.956  -75.341  -75.341  -74.572  -74.572   -9.500   -6.898
   -4.159   -4.069   -4.068   -2.927   -2.927   -1.732   -1.732   -1.569   -1.446   -1.445
    3.131    4.529    4.544    5.479    7.909    7.915    9.152   10.891   13.135   13.148
            0.016667  0.028868  0.305112
 -121.525 -120.654  -76.890  -75.956  -75.341  -75.341  -74.572  -74.572   -9.498   -6.898
   -4.161   -4.069   -4.065   -2.928   -2.927   -1.733   -1.732   -1.570   -1.445   -1.441
    3.131    4.479    4.533    5.517    7.895    7.918    9.163   10.896   13.110   13.160
            0.025000  0.043301  0.305112
 -121.525 -120.654  -76.890  -75.956  -75.341  -75.341  -74.572  -74.572   -9.494   -6.897
   -4.163   -4.069   -4.060   -2.930   -2.927   -1.734   -1.731   -1.571   -1.444   -1.434
    3.131    4.404    4.516    5.571    7.872    7.924    9.181   10.906   13.069   13.179
            0.033333  0.057735  0.305112
 -121.525 -120.654  -76.890  -75.956  -75.341  -75.341  -74.572  -74.572   -9.489   -6.896
   -4.166   -4.069   -4.054   -2.932   -2.926   -1.736   -1.731   -1.573   -1.441   -1.424
    3.130    4.311    4.493    5.637    7.842    7.931    9.205   10.919   13.016   13.207
            0.041667  0.072169  0.305112
 -121.525 -120.654  -76.890  -75.956  -75.341  -75.341  -74.572  -74.572   -9.483   -6.895
   -4.170   -4.070   -4.046   -2.935   -2.926   -1.737   -1.730   -1.575   -1.438   -1.411
    3.127    4.206    4.462    5.708    7.806    7.940    9.231   10.935   12.953   13.242
            0.050000  0.086603  0.305112
 -121.525 -120.654  -76.890  -75.956  -75.341  -75.341  -74.572  -74.572   -9.475   -6.893
   -4.173   -4.070   -4.037   -2.939   -2.926   -1.739   -1.729   -1.577   -1.434   -1.396
    3.123    4.096    4.426    5.782    7.764    7.948    9.259   10.956   12.884   13.283
            0.058333  0.101036  0.305112
 -121.525 -120.654  -76.890  -75.956  -75.341  -75.341  -74.572  -74.572   -9.466   -6.891
   -4.177   -4.071   -4.028   -2.943   -2.926   -1.741   -1.728   -1.580   -1.429   -1.378
    3.116    3.982    4.382    5.857    7.719    7.957    9.286   10.979   12.811   13.329
            0.066667  0.115470  0.305112
 -121.525 -120.654  -76.890  -75.956  -75.341  -75.341  -74.572  -74.572   -9.456   -6.889
   -4.181   -4.072   -4.017   -2.947   -2.926   -1.743   -1.727   -1.583   -1.424   -1.359
    3.104    3.870    4.333    5.932    7.671    7.964    9.311   11.007   12.738   13.376
            0.075000  0.129904  0.305112
 -121.525 -120.654  -76.890  -75.956  -75.341  -75.341  -74.572  -74.572   -9.445   -6.887
   -4.184   -4.073   -4.005   -2.952   -2.926   -1.745   -1.726   -1.586   -1.418   -1.337
    3.084    3.764    4.278    6.007    7.622    7.970    9.330   11.037   12.667   13.416
            0.083333  0.144338  0.305112
 -121.525 -120.654  -76.890  -75.956  -75.341  -75.341  -74.572  -74.572   -9.433   -6.884
   -4.188   -4.074   -3.992   -2.957   -2.926   -1.747   -1.724   -1.589   -1.411   -1.314
    3.054    3.667    4.217    6.081    7.573    7.974    9.343   11.070   12.599   13.435
            0.091667  0.158771  0.305112
 -121.525 -120.654  -76.890  -75.956  -75.341  -75.341  -74.572  -74.572   -9.419   -6.881
   -4.191   -4.075   -3.979   -2.962   -2.926   -1.749   -1.723   -1.592   -1.403   -1.290
    3.009    3.585    4.152    6.154    7.525    7.975    9.349   11.105   12.538   13.422
            0.100000  0.173205  0.305112
 -121.525 -120.654  -76.890  -75.956  -75.341  -75.341  -74.572  -74.572   -9.405   -6.879
   -4.195   -4.076   -3.965   -2.968   -2.926   -1.751   -1.721   -1.596   -1.396   -1.265
    2.949    3.519    4.081    6.226    7.478    7.973    9.348   11.140   12.486   13.374
            0.108333  0.187639  0.305112
 -121.525 -120.654  -76.890  -75.956  -75.341  -75.341  -74.572  -74.572   -9.390   -6.875
   -4.198   -4.077   -3.950   -2.974   -2.925   -1.753   -1.720   -1.599   -1.387   -1.238
    2.872    3.471    4.007    6.297    7.435    7.966    9.340   11.173   12.443   13.301
            0.116667  0.202073  0.305112
 -121.525 -120.654  -76.890  -75.956  -75.341  -75.341  -74.572  -74.572   -9.375   -6.872
   -4.201   -4.079   -3.934   -2.979   -2.925   -1.755   -1.719   -1.603   -1.379   -1.211
    2.784    3.436    3.930    6.368    7.395    7.956    9.326   11.205   12.412   13.211
            0.125000  0.216506  0.305112
 -121.525 -120.654  -76.890  -75.956  -75.341  -75.341  -74.572  -74.572   -9.359   -6.869
   -4.203   -4.081   -3.918   -2.985   -2.926   -1.757   -1.717   -1.606   -1.369   -1.184
    2.688    3.409    3.852    6.437    7.361    7.940    9.307   11.232   12.394   13.111
            0.133333  0.230940  0.305112
 -121.525 -120.654  -76.890  -75.956  -75.341  -75.341  -74.572  -74.572   -9.342   -6.865
   -4.205   -4.083   -3.900   -2.990   -2.926   -1.758   -1.716   -1.609   -1.360   -1.157
    2.589    3.387    3.772    6.504    7.332    7.919    9.285   11.254   12.388   13.005
            0.141667  0.245374  0.305112
 -121.525 -120.654  -76.890  -75.956  -75.341  -75.341  -74.572  -74.572   -9.325   -6.862
   -4.207   -4.085   -3.883   -2.995   -2.926   -1.759   -1.715   -1.612   -1.350   -1.129
    2.490    3.364    3.695    6.569    7.310    7.892    9.261   11.271   12.394   12.896
            0.150000  0.259808  0.305112
 -121.525 -120.654  -76.890  -75.956  -75.341  -75.341  -74.572  -74.572   -9.308   -6.858
   -4.209   -4.087   -3.865   -3.000   -2.926   -1.760   -1.713   -1.615   -1.339   -1.102
    2.393    3.336    3.623    6.630    7.296    7.860    9.237   11.282   12.410   12.786
            0.158333  0.274241  0.305112
 -121.525 -120.654  -76.890  -75.956  -75.341  -75.341  -74.572  -74.572   -9.291   -6.855
   -4.210   -4.089   -3.847   -3.006   -2.926   -1.762   -1.713   -1.618   -1.329   -1.076
    2.300    3.297    3.561    6.687    7.290    7.822    9.213   11.289   12.433   12.679
            0.166667  0.288675  0.305112
 -121.525 -120.654  -76.890  -75.956  -75.341  -75.341  -74.572  -74.572   -9.274   -6.851
   -4.212   -4.091   -3.828   -3.010   -2.927   -1.762   -1.712   -1.621   -1.319   -1.051
    2.211    3.245    3.512    6.739    7.295    7.778    9.192   11.293   12.443   12.595
            0.175000  0.303109  0.305112
 -121.525 -120.654  -76.890  -75.956  -75.341  -75.341  -74.572  -74.572   -9.257   -6.848
   -4.212   -4.094   -3.809   -3.015   -2.927   -1.763   -1.712   -1.623   -1.309   -1.028
    2.127    3.179    3.476    6.785    7.310    7.729    9.173   11.293   12.391   12.580
            0.183333  0.317543  0.305112
 -121.525 -120.654  -76.890  -75.956  -75.341  -75.341  -74.572  -74.572   -9.240   -6.845
   -4.213   -4.097   -3.790   -3.019   -2.928   -1.764   -1.712   -1.625   -1.299   -1.005
    2.050    3.103    3.449    6.826    7.334    7.677    9.158   11.291   12.296   12.617
            0.191667  0.331976  0.305112
 -121.525 -120.654  -76.890  -75.956  -75.341  -75.341  -74.572  -74.572   -9.224   -6.841
   -4.213   -4.100   -3.771   -3.023   -2.929   -1.764   -1.711   -1.627   -1.289   -0.984
    1.980    3.021    3.428    6.861    7.368    7.621    9.147   11.286   12.194   12.668
            0.200000  0.346410  0.305112
 -121.525 -120.654  -76.890  -75.956  -75.341  -75.341  -74.572  -74.572   -9.209   -6.838
   -4.213   -4.103   -3.753   -3.026   -2.930   -1.764   -1.711   -1.629   -1.280   -0.964
    1.916    2.937    3.410    6.892    7.407    7.562    9.140   11.278   12.094   12.721
            0.208333  0.360844  0.305112
 -121.525 -120.654  -76.890  -75.956  -75.341  -75.341  -74.572  -74.572   -9.194   -6.835
   -4.212   -4.106   -3.734   -3.029   -2.931   -1.764   -1.712   -1.630   -1.271   -0.946
    1.860    2.852    3.393    6.920    7.447    7.505    9.139   11.265   12.001   12.769
            0.216667  0.375278  0.305112
 -121.525 -120.654  -76.890  -75.956  -75.341  -75.341  -74.572  -74.572   -9.179   -6.832
   -4.211   -4.109   -3.716   -3.032   -2.932   -1.764   -1.712   -1.631   -1.262   -0.929
    1.810    2.768    3.376    6.948    7.436    7.500    9.144   11.246   11.915   12.804
            0.225000  0.389711  0.305112
 -121.525 -120.654  -76.890  -75.956  -75.341  -75.341  -74.572  -74.572   -9.166   -6.829
   -4.210   -4.112   -3.699   -3.034   -2.933   -1.763   -1.713   -1.632   -1.255   -0.913
    1.768    2.685    3.360    6.975    7.379    7.542    9.154   11.219   11.840   12.817
            0.233333  0.404145  0.305112
 -121.525 -120.654  -76.890  -75.956  -75.341  -75.341  -74.572  -74.572   -9.153   -6.826
   -4.209   -4.116   -3.682   -3.036   -2.934   -1.762   -1.714   -1.633   -1.248   -0.899
    1.732    2.604    3.345    7.000    7.323    7.582    9.172   11.182   11.777   12.810
            0.241667  0.418579  0.305112
 -121.525 -120.654  -76.890  -75.956  -75.341  -75.341  -74.572  -74.572   -9.142   -6.824
   -4.207   -4.120   -3.666   -3.038   -2.935   -1.761   -1.715   -1.633   -1.243   -0.885
    1.703    2.526    3.329    7.024    7.272    7.618    9.195   11.137   11.725   12.790
            0.250000  0.433013  0.305112
 -121.525 -120.654  -76.890  -75.956  -75.341  -75.341  -74.572  -74.572   -9.131   -6.822
   -4.204   -4.123   -3.652   -3.039   -2.937   -1.760   -1.717   -1.634   -1.238   -0.872
    1.680    2.452    3.315    7.041    7.231    7.649    9.226   11.083   11.681   12.767
            0.258333  0.447446  0.305112
 -121.525 -120.654  -76.890  -75.956  -75.341  -75.341  -74.572  -74.572   -9.122   -6.820
   -4.202   -4.127   -3.638   -3.040   -2.938   -1.758   -1.718   -1.634   -1.234   -0.859
    1.664    2.380    3.301    7.043    7.209    7.674    9.262   11.025   11.643   12.749
            0.266667  0.461880  0.305112
 -121.525 -120.654  -76.890  -75.956  -75.341  -75.341  -74.572  -74.572   -9.113   -6.818
   -4.199   -4.131   -3.626   -3.040   -2.939   -1.756   -1.719   -1.635   -1.232   -0.848
    1.653    2.312    3.289    7.027    7.210    7.693    9.304   10.966   11.608   12.739
            0.275000  0.476314  0.305112
 -121.525 -120.654  -76.890  -75.956  -75.341  -75.341  -74.572  -74.572   -9.106   -6.816
   -4.196   -4.135   -3.615   -3.041   -2.940   -1.755   -1.721   -1.635   -1.230   -0.837
    1.648    2.247    3.278    6.998    7.226    7.707    9.349   10.909   11.572   12.739
            0.283333  0.490748  0.305112
 -121.525 -120.654  -76.890  -75.956  -75.341  -75.341  -74.572  -74.572   -9.100   -6.815
   -4.192   -4.139   -3.606   -3.041   -2.941   -1.752   -1.723   -1.636   -1.229   -0.827
    1.649    2.187    3.268    6.967    7.250    7.715    9.395   10.858   11.536   12.749
            0.291667  0.505181  0.305112
 -121.525 -120.654  -76.890  -75.956  -75.341  -75.341  -74.572  -74.572   -9.095   -6.814
   -4.189   -4.144   -3.597   -3.041   -2.942   -1.750   -1.725   -1.636   -1.228   -0.818
    1.654    2.130    3.261    6.937    7.274    7.719    9.440   10.814   11.499   12.768
            0.300000  0.519615  0.305112
 -121.525 -120.654  -76.890  -75.956  -75.341  -75.341  -74.572  -74.572   -9.090   -6.813
   -4.185   -4.148   -3.591   -3.041   -2.943   -1.748   -1.727   -1.637   -1.228   -0.810
    1.665    2.077    3.255    6.912    7.296    7.721    9.480   10.780   11.462   12.794
            0.308333  0.534049  0.305112
 -121.525 -120.654  -76.890  -75.956  -75.341  -75.341  -74.572  -74.572   -9.087   -6.812
   -4.181   -4.153   -3.586   -3.041   -2.944   -1.745   -1.730   -1.637   -1.227   -0.803
    1.679    2.030    3.251    6.891    7.315    7.722    9.514   10.757   11.427   12.823
            0.316667  0.548483  0.305112
 -121.525 -120.654  -76.890  -75.956  -75.341  -75.341  -74.572  -74.572   -9.085   -6.812
   -4.176   -4.157   -3.583   -3.041   -2.945   -1.743   -1.732   -1.638   -1.227   -0.798
    1.696    1.990    3.248    6.877    7.329    7.722    9.538   10.744   11.398   12.850
            0.325000  0.562917  0.305112
 -121.525 -120.654  -76.890  -75.956  -75.341  -75.341  -74.572  -74.572   -9.084   -6.811
   -4.172   -4.162   -3.581   -3.041   -2.945   -1.740   -1.734   -1.638   -1.227   -0.795
    1.710    1.961    3.247    6.868    7.337    7.722    9.553   10.740   11.378   12.871
            0.333333  0.577350  0.305112
 -121.525 -120.654  -76.890  -75.956  -75.341  -75.341  -74.572  -74.572   -9.084   -6.811
   -4.168   -4.166   -3.580   -3.042   -2.946   -1.739   -1.737   -1.638   -1.227   -0.794
    1.716    1.950    3.246    6.865    7.339    7.721    9.558   10.740   11.370   12.880
            0.333333  0.577350  0.297484
 -121.525 -120.654  -76.890  -75.956  -75.341  -75.341  -74.572  -74.572   -9.084   -6.811
   -4.168   -4.166   -3.580   -3.042   -2.946   -1.739   -1.737   -1.638   -1.227   -0.794
    1.717    1.950    3.246    6.866    7.337    7.719    9.560   10.741   11.368   12.881
            0.333333  0.577350  0.289856
 -121.525 -120.654  -76.890  -75.956  -75.341  -75.341  -74.572  -74.572   -9.084   -6.811
   -4.168   -4.166   -3.580   -3.041   -2.945   -1.738   -1.737   -1.638   -1.227   -0.794
    1.718    1.950    3.247    6.868    7.332    7.714    9.566   10.747   11.362   12.884
            0.333333  0.577350  0.282228
 -121.525 -120.654  -76.890  -75.956  -75.341  -75.341  -74.572  -74.572   -9.084   -6.811
   -4.168   -4.166   -3.580   -3.041   -2.945   -1.738   -1.737   -1.638   -1.227   -0.794
    1.720    1.949    3.248    6.871    7.324    7.704    9.576   10.755   11.353   12.889
            0.333333  0.577350  0.274601
 -121.525 -120.654  -76.890  -75.956  -75.341  -75.341  -74.572  -74.572   -9.084   -6.811
   -4.168   -4.166   -3.580   -3.041   -2.945   -1.738   -1.737   -1.638   -1.227   -0.794
    1.723    1.949    3.249    6.876    7.312    7.691    9.590   10.767   11.339   12.897
            0.333333  0.577350  0.266973
 -121.525 -120.654  -76.890  -75.956  -75.341  -75.341  -74.572  -74.572   -9.084   -6.811
   -4.168   -4.166   -3.580   -3.041   -2.945   -1.738   -1.737   -1.638   -1.227   -0.794
    1.726    1.948    3.251    6.881    7.296    7.675    9.608   10.781   11.322   12.906
            0.333333  0.577350  0.259345
 -121.525 -120.654  -76.890  -75.956  -75.341  -75.341  -74.572  -74.572   -9.084   -6.811
   -4.168   -4.166   -3.580   -3.041   -2.945   -1.738   -1.738   -1.639   -1.227   -0.794
    1.730    1.947    3.253    6.888    7.278    7.655    9.629   10.799   11.302   12.918
            0.333333  0.577350  0.251717
 -121.525 -120.654  -76.890  -75.956  -75.341  -75.341  -74.572  -74.572   -9.084   -6.812
   -4.168   -4.166   -3.579   -3.041   -2.945   -1.739   -1.738   -1.639   -1.227   -0.794
    1.735    1.946    3.256    6.896    7.257    7.632    9.653   10.819   11.278   12.931
            0.333333  0.577350  0.244089
 -121.525 -120.654  -76.890  -75.956  -75.341  -75.341  -74.572  -74.572   -9.084   -6.812
   -4.168   -4.166   -3.579   -3.041   -2.945   -1.739   -1.738   -1.639   -1.227   -0.794
    1.740    1.944    3.258    6.905    7.233    7.607    9.680   10.841   11.252   12.947
            0.333333  0.577350  0.236462
 -121.525 -120.654  -76.890  -75.956  -75.341  -75.341  -74.572  -74.572   -9.084   -6.812
   -4.168   -4.166   -3.579   -3.041   -2.944   -1.740   -1.738   -1.639   -1.227   -0.794
    1.746    1.943    3.262    6.916    7.207    7.580    9.710   10.865   11.223   12.965
            0.333333  0.577350  0.228834
 -121.525 -120.654  -76.890  -75.956  -75.341  -75.341  -74.572  -74.572   -9.084   -6.812
   -4.168   -4.166   -3.579   -3.041   -2.944   -1.741   -1.738   -1.640   -1.227   -0.794
    1.753    1.941    3.265    6.927    7.179    7.551    9.741   10.891   11.191   12.986
            0.333333  0.577350  0.221206
 -121.525 -120.654  -76.890  -75.956  -75.341  -75.341  -74.572  -74.572   -9.084   -6.812
   -4.168   -4.166   -3.579   -3.041   -2.944   -1.742   -1.738   -1.640   -1.227   -0.794
    1.760    1.939    3.269    6.940    7.149    7.521    9.774   10.918   11.156   13.009
            0.333333  0.577350  0.213578
 -121.525 -120.654  -76.890  -75.956  -75.341  -75.341  -74.572  -74.572   -9.084   -6.812
   -4.168   -4.166   -3.579   -3.041   -2.944   -1.743   -1.738   -1.640   -1.227   -0.794
    1.768    1.937    3.273    6.953    7.117    7.489    9.808   10.946   11.120   13.034
            0.333333  0.577350  0.205950
 -121.525 -120.654  -76.890  -75.956  -75.341  -75.341  -74.572  -74.572   -9.084   -6.812
   -4.168   -4.166   -3.578   -3.041   -2.943   -1.744   -1.738   -1.641   -1.227   -0.794
    1.777    1.935    3.277    6.967    7.083    7.456    9.844   10.975   11.082   13.061
            0.333333  0.577350  0.198323
 -121.525 -120.654  -76.890  -75.956  -75.341  -75.341  -74.572  -74.572   -9.084   -6.812
   -4.168   -4.166   -3.578   -3.041   -2.944   -1.745   -1.738   -1.641   -1.227   -0.794
    1.785    1.933    3.281    6.982    7.049    7.423    9.880   11.004   11.042   13.091
            0.333333  0.577350  0.190695
 -121.525 -120.654  -76.890  -75.956  -75.341  -75.341  -74.572  -74.572   -9.084   -6.812
   -4.168   -4.166   -3.578   -3.041   -2.944   -1.746   -1.738   -1.641   -1.227   -0.794
    1.794    1.931    3.286    6.998    7.014    7.389    9.917   11.001   11.034   13.123
            0.333333  0.577350  0.183067
 -121.525 -120.654  -76.890  -75.956  -75.341  -75.341  -74.572  -74.572   -9.084   -6.812
   -4.168   -4.166   -3.577   -3.041   -2.943   -1.747   -1.738   -1.641   -1.227   -0.794
    1.804    1.928    3.291    6.978    7.015    7.355    9.954   10.960   11.063   13.158
            0.333333  0.577350  0.175439
 -121.525 -120.654  -76.890  -75.956  -75.341  -75.341  -74.572  -74.572   -9.084   -6.812
   -4.168   -4.166   -3.577   -3.041   -2.943   -1.748   -1.738   -1.642   -1.227   -0.794
    1.814    1.926    3.296    6.942    7.033    7.321    9.991   10.917   11.092   13.194
            0.333333  0.577350  0.167812
 -121.525 -120.654  -76.890  -75.956  -75.341  -75.341  -74.572  -74.572   -9.085   -6.812
   -4.168   -4.167   -3.577   -3.041   -2.943   -1.749   -1.738   -1.642   -1.227   -0.794
    1.824    1.924    3.301    6.906    7.050    7.287   10.028   10.874   11.121   13.233
            0.333333  0.577350  0.160184
 -121.525 -120.654  -76.890  -75.956  -75.341  -75.341  -74.572  -74.572   -9.085   -6.812
   -4.168   -4.167   -3.576   -3.041   -2.943   -1.751   -1.738   -1.642   -1.227   -0.794
    1.834    1.921    3.307    6.869    7.069    7.253   10.065   10.830   11.149   13.273
            0.333333  0.577350  0.152556
 -121.525 -120.654  -76.890  -75.956  -75.341  -75.341  -74.572  -74.572   -9.085   -6.813
   -4.168   -4.167   -3.576   -3.041   -2.942   -1.752   -1.738   -1.643   -1.227   -0.794
    1.844    1.919    3.312    6.833    7.088    7.220   10.101   10.787   11.175   13.316
            0.333333  0.577350  0.144928
 -121.525 -120.654  -76.890  -75.956  -75.341  -75.341  -74.572  -74.572   -9.085   -6.813
   -4.168   -4.167   -3.576   -3.041   -2.942   -1.753   -1.738   -1.643   -1.227   -0.794
    1.855    1.916    3.318    6.798    7.107    7.188   10.136   10.744   11.201   13.360
            0.333333  0.577350  0.137300
 -121.525 -120.654  -76.890  -75.956  -75.341  -75.341  -74.572  -74.572   -9.085   -6.813
   -4.168   -4.167   -3.575   -3.041   -2.942   -1.754   -1.738   -1.643   -1.227   -0.794
    1.865    1.914    3.323    6.763    7.126    7.156   10.170   10.701   11.226   13.405
            0.333333  0.577350  0.129673
 -121.525 -120.654  -76.890  -75.956  -75.341  -75.341  -74.572  -74.572   -9.085   -6.813
   -4.168   -4.167   -3.575   -3.041   -2.942   -1.756   -1.738   -1.643   -1.227   -0.794
    1.875    1.911    3.328    6.729    7.125    7.145   10.204   10.659   11.249   13.452
            0.333333  0.577350  0.122045
 -121.525 -120.654  -76.890  -75.956  -75.341  -75.341  -74.572  -74.572   -9.085   -6.813
   -4.168   -4.167   -3.574   -3.041   -2.942   -1.757   -1.738   -1.644   -1.227   -0.794
    1.886    1.909    3.334    6.696    7.096    7.165   10.236   10.617   11.271   13.500
            0.333333  0.577350  0.114417
 -121.525 -120.654  -76.890  -75.956  -75.341  -75.341  -74.572  -74.572   -9.085   -6.813
   -4.168   -4.167   -3.574   -3.041   -2.941   -1.758   -1.738   -1.644   -1.227   -0.794
    1.896    1.907    3.339    6.664    7.068    7.184   10.267   10.577   11.292   13.548
            0.333333  0.577350  0.106789
 -121.525 -120.654  -76.890  -75.956  -75.341  -75.341  -74.572  -74.572   -9.085   -6.813
   -4.168   -4.167   -3.574   -3.041   -2.941   -1.759   -1.738   -1.644   -1.227   -0.794
    1.905    1.906    3.344    6.633    7.041    7.203   10.297   10.539   11.311   13.596
            0.333333  0.577350  0.099161
 -121.525 -120.654  -76.890  -75.956  -75.341  -75.341  -74.572  -74.572   -9.085   -6.813
   -4.168   -4.167   -3.573   -3.041   -2.941   -1.760   -1.738   -1.644   -1.227   -0.795
    1.902    1.915    3.349    6.604    7.015    7.221   10.324   10.501   11.328   13.644
            0.333333  0.577350  0.091534
 -121.525 -120.654  -76.890  -75.956  -75.341  -75.341  -74.572  -74.572   -9.085   -6.813
   -4.168   -4.167   -3.573   -3.041   -2.941   -1.762   -1.738   -1.644   -1.227   -0.795
    1.901    1.924    3.354    6.576    6.991    7.239   10.351   10.466   11.345   13.691
            0.333333  0.577350  0.083906
 -121.525 -120.654  -76.890  -75.956  -75.341  -75.341  -74.572  -74.572   -9.086   -6.813
   -4.168   -4.167   -3.573   -3.041   -2.941   -1.763   -1.738   -1.645   -1.227   -0.795
    1.899    1.933    3.358    6.551    6.969    7.256   10.375   10.432   11.359   13.737
            0.333333  0.577350  0.076278
 -121.525 -120.654  -76.890  -75.956  -75.341  -75.341  -74.572  -74.572   -9.086   -6.813
   -4.168   -4.167   -3.573   -3.041   -2.941   -1.763   -1.738   -1.645   -1.227   -0.795
    1.897    1.941    3.362    6.526    6.948    7.272   10.398   10.401   11.373   13.782
            0.333333  0.577350  0.068650
 -121.525 -120.654  -76.890  -75.956  -75.341  -75.341  -74.572  -74.572   -9.086   -6.813
   -4.168   -4.167   -3.572   -3.041   -2.940   -1.764   -1.738   -1.645   -1.227   -0.795
    1.895    1.948    3.367    6.504    6.929    7.287   10.371   10.418   11.385   13.824
            0.333333  0.577350  0.061022
 -121.525 -120.654  -76.890  -75.956  -75.341  -75.341  -74.572  -74.572   -9.086   -6.813
   -4.168   -4.167   -3.572   -3.041   -2.940   -1.765   -1.738   -1.645   -1.227   -0.795
    1.894    1.955    3.370    6.484    6.912    7.301   10.345   10.437   11.396   13.864
            0.333333  0.577350  0.053395
 -121.525 -120.654  -76.890  -75.956  -75.341  -75.341  -74.572  -74.572   -9.086   -6.813
   -4.168   -4.167   -3.572   -3.041   -2.940   -1.766   -1.738   -1.645   -1.227   -0.795
    1.892    1.961    3.373    6.467    6.896    7.314   10.321   10.454   11.405   13.901
            0.333333  0.577350  0.045767
 -121.525 -120.654  -76.890  -75.956  -75.341  -75.341  -74.572  -74.572   -9.086   -6.814
   -4.168   -4.167   -3.572   -3.041   -2.940   -1.766   -1.738   -1.645   -1.227   -0.795
    1.891    1.967    3.376    6.451    6.883    7.325   10.300   10.468   11.413   13.934
            0.333333  0.577350  0.038139
 -121.525 -120.654  -76.890  -75.956  -75.341  -75.341  -74.572  -74.572   -9.086   -6.814
   -4.168   -4.167   -3.572   -3.041   -2.940   -1.767   -1.738   -1.645   -1.227   -0.795
    1.890    1.972    3.379    6.437    6.871    7.335   10.282   10.481   11.420   13.962
            0.333333  0.577350  0.030511
 -121.525 -120.654  -76.890  -75.956  -75.341  -75.341  -74.572  -74.572   -9.086   -6.814
   -4.168   -4.167   -3.572   -3.041   -2.939   -1.767   -1.738   -1.645   -1.227   -0.795
    1.890    1.976    3.381    6.426    6.862    7.343   10.267   10.491   11.426   13.987
            0.333333  0.577350  0.022883
 -121.525 -120.654  -76.890  -75.956  -75.341  -75.341  -74.572  -74.572   -9.086   -6.814
   -4.168   -4.167   -3.571   -3.041   -2.939   -1.768   -1.738   -1.645   -1.227   -0.795
    1.889    1.979    3.382    6.418    6.855    7.349   10.255   10.499   11.430   14.006
            0.333333  0.577350  0.015256
 -121.525 -120.654  -76.890  -75.956  -75.341  -75.341  -74.572  -74.572   -9.086   -6.814
   -4.168   -4.167   -3.571   -3.041   -2.940   -1.768   -1.739   -1.646   -1.227   -0.795
    1.888    1.981    3.384    6.412    6.849    7.354   10.246   10.504   11.433   14.020
            0.333333  0.577350  0.007628
 -121.525 -120.654  -76.890  -75.956  -75.341  -75.341  -74.572  -74.572   -9.086   -6.814
   -4.168   -4.167   -3.571   -3.041   -2.939   -1.768   -1.738   -1.645   -1.227   -0.795
    1.888    1.982    3.384    6.408    6.846    7.357   10.241   10.508   11.435   14.029
            0.333333  0.577350  0.000000
 -121.525 -120.654  -76.890  -75.956  -75.341  -75.341  -74.572  -74.572   -9.086   -6.814
   -4.168   -4.167   -3.571   -3.041   -2.939   -1.768   -1.738   -1.646   -1.227   -0.795
    1.888    1.983    3.385    6.407    6.845    7.358   10.240   10.509   11.435   14.032
            0.337500  0.570133  0.007628
 -121.525 -120.654  -76.890  -75.956  -75.341  -75.341  -74.572  -74.572   -9.086   -6.814
   -4.170   -4.165   -3.572   -3.041   -2.939   -1.768   -1.738   -1.645   -1.227   -0.795
    1.886    1.986    3.384    6.407    6.847    7.358   10.242   10.508   11.433   14.022
            0.341667  0.562917  0.015256
 -121.525 -120.654  -76.890  -75.956  -75.341  -75.341  -74.572  -74.572   -9.086   -6.814
   -4.172   -4.163   -3.572   -3.041   -2.939   -1.768   -1.738   -1.645   -1.227   -0.796
    1.878    1.996    3.383    6.409    6.850    7.358   10.249   10.506   11.428   13.992
            0.345833  0.555700  0.022883
 -121.525 -120.654  -76.890  -75.956  -75.341  -75.341  -74.572  -74.572   -9.087   -6.814
   -4.175   -4.160   -3.573   -3.041   -2.939   -1.768   -1.738   -1.645   -1.227   -0.797
    1.868    2.010    3.381    6.412    6.855    7.360   10.260   10.502   11.418   13.946
            0.350000  0.548483  0.030511
 -121.525 -120.654  -76.890  -75.956  -75.341  -75.341  -74.572  -74.572   -9.087   -6.814
   -4.177   -4.158   -3.574   -3.041   -2.939   -1.767   -1.738   -1.645   -1.227   -0.799
    1.855    2.029    3.378    6.416    6.862    7.362   10.274   10.499   11.404   13.886
            0.354167  0.541266  0.038139
 -121.525 -120.654  -76.890  -75.956  -75.341  -75.341  -74.572  -74.572   -9.088   -6.814
   -4.180   -4.155   -3.575   -3.041   -2.939   -1.767   -1.738   -1.645   -1.227   -0.801
    1.840    2.051    3.375    6.421    6.870    7.365   10.287   10.497   11.386   13.816
            0.358333  0.534049  0.045767
 -121.525 -120.654  -76.890  -75.956  -75.341  -75.341  -74.572  -74.572   -9.089   -6.814
   -4.182   -4.153   -3.577   -3.042   -2.939   -1.766   -1.738   -1.645   -1.227   -0.804
    1.824    2.076    3.371    6.426    6.880    7.369   10.296   10.502   11.366   13.739
            0.362500  0.526832  0.053395
 -121.525 -120.654  -76.890  -75.956  -75.341  -75.341  -74.572  -74.572   -9.090   -6.814
   -4.185   -4.150   -3.579   -3.042   -2.938   -1.766   -1.738   -1.645   -1.227   -0.807
    1.807    2.103    3.367    6.433    6.890    7.374   10.297   10.516   11.342   13.658
            0.366667  0.519615  0.061022
 -121.525 -120.654  -76.890  -75.956  -75.341  -75.341  -74.572  -74.572   -9.091   -6.815
   -4.187   -4.147   -3.581   -3.042   -2.938   -1.765   -1.737   -1.645   -1.227   -0.811
    1.790    2.133    3.362    6.440    6.902    7.382   10.287   10.541   11.316   13.574
            0.370833  0.512398  0.068650
 -121.525 -120.654  -76.890  -75.956  -75.341  -75.341  -74.572  -74.572   -9.092   -6.815
   -4.189   -4.145   -3.583   -3.042   -2.937   -1.765   -1.736   -1.644   -1.227   -0.815
    1.772    2.164    3.357    6.447    6.915    7.391   10.267   10.575   11.289   13.488
            0.375000  0.505181  0.076278
 -121.525 -120.654  -76.890  -75.956  -75.341  -75.341  -74.572  -74.572   -9.094   -6.815
   -4.192   -4.142   -3.586   -3.042   -2.937   -1.765   -1.735   -1.644   -1.227   -0.819
    1.753    2.198    3.352    6.454    6.929    7.402   10.239   10.616   11.262   13.402
            0.379167  0.497965  0.083906
 -121.525 -120.654  -76.890  -75.956  -75.341  -75.341  -74.572  -74.572   -9.095   -6.815
   -4.194   -4.139   -3.589   -3.043   -2.936   -1.765   -1.733   -1.643   -1.227   -0.824
    1.733    2.234    3.346    6.461    6.944    7.415   10.204   10.660   11.236   13.317
            0.383333  0.490748  0.091534
 -121.525 -120.654  -76.890  -75.956  -75.341  -75.341  -74.572  -74.572   -9.097   -6.816
   -4.196   -4.137   -3.591   -3.043   -2.936   -1.765   -1.731   -1.643   -1.227   -0.829
    1.713    2.272    3.341    6.468    6.961    7.430   10.163   10.704   11.212   13.233
            0.387500  0.483531  0.099161
 -121.525 -120.654  -76.890  -75.956  -75.341  -75.341  -74.572  -74.572   -9.098   -6.816
   -4.199   -4.134   -3.594   -3.043   -2.935   -1.765   -1.729   -1.642   -1.227   -0.835
    1.693    2.311    3.335    6.474    6.978    7.447   10.117   10.746   11.194   13.152
            0.391667  0.476314  0.106789
 -121.525 -120.654  -76.890  -75.956  -75.341  -75.341  -74.572  -74.572   -9.100   -6.816
   -4.201   -4.131   -3.597   -3.043   -2.934   -1.766   -1.727   -1.641   -1.227   -0.840
    1.672    2.352    3.329    6.480    6.997    7.466   10.067   10.780   11.182   13.076
            0.395833  0.469097  0.114417
 -121.525 -120.654  -76.890  -75.956  -75.341  -75.341  -74.572  -74.572   -9.101   -6.816
   -4.203   -4.129   -3.600   -3.044   -2.934   -1.766   -1.725   -1.641   -1.228   -0.846
    1.651    2.394    3.324    6.485    7.016    7.486   10.014   10.803   11.181   13.005
            0.400000  0.461880  0.122045
 -121.525 -120.654  -76.890  -75.956  -75.341  -75.341  -74.572  -74.572   -9.103   -6.817
   -4.205   -4.126   -3.603   -3.044   -2.933   -1.767   -1.722   -1.640   -1.228   -0.852
    1.630    2.438    3.318    6.490    7.036    7.508    9.959   10.813   11.190   12.941
            0.404167  0.454663  0.129673
 -121.525 -120.654  -76.890  -75.956  -75.341  -75.341  -74.572  -74.572   -9.105   -6.817
   -4.208   -4.124   -3.606   -3.045   -2.932   -1.768   -1.719   -1.639   -1.228   -0.858
    1.609    2.483    3.312    6.496    7.056    7.532    9.902   10.810   11.206   12.887
            0.408333  0.447446  0.137300
 -121.525 -120.654  -76.890  -75.956  -75.341  -75.341  -74.572  -74.572   -9.106   -6.817
   -4.210   -4.121   -3.610   -3.045   -2.932   -1.769   -1.717   -1.638   -1.228   -0.864
    1.588    2.528    3.307    6.501    7.076    7.557    9.843   10.798   11.225   12.844
            0.412500  0.440230  0.144928
 -121.525 -120.654  -76.890  -75.956  -75.341  -75.341  -74.572  -74.572   -9.108   -6.818
   -4.212   -4.119   -3.613   -3.046   -2.931   -1.770   -1.714   -1.636   -1.229   -0.870
    1.568    2.575    3.301    6.506    7.096    7.583    9.784   10.779   11.241   12.814
            0.416667  0.433013  0.152556
 -121.525 -120.654  -76.890  -75.956  -75.341  -75.341  -74.572  -74.572   -9.110   -6.818
   -4.214   -4.117   -3.616   -3.046   -2.930   -1.772   -1.711   -1.635   -1.229   -0.876
    1.547    2.622    3.296    6.511    7.114    7.610    9.726   10.755   11.251   12.799
            0.420833  0.425796  0.160184
 -121.525 -120.654  -76.890  -75.956  -75.341  -75.341  -74.572  -74.572   -9.111   -6.818
   -4.216   -4.114   -3.619   -3.047   -2.929   -1.773   -1.709   -1.634   -1.230   -0.882
    1.527    2.669    3.290    6.518    7.131    7.639    9.669   10.729   11.251   12.799
            0.425000  0.418579  0.167812
 -121.525 -120.654  -76.890  -75.956  -75.341  -75.341  -74.572  -74.572   -9.113   -6.819
   -4.218   -4.112   -3.622   -3.047   -2.928   -1.774   -1.706   -1.632   -1.230   -0.888
    1.507    2.716    3.285    6.525    7.146    7.668    9.614   10.701   11.240   12.815
            0.429167  0.411362  0.175439
 -121.525 -120.654  -76.890  -75.956  -75.341  -75.341  -74.572  -74.572   -9.114   -6.819
   -4.220   -4.110   -3.625   -3.048   -2.928   -1.775   -1.703   -1.631   -1.231   -0.893
    1.488    2.764    3.280    6.533    7.158    7.697    9.561   10.672   11.218   12.845
            0.433333  0.404145  0.183067
 -121.525 -120.654  -76.890  -75.956  -75.341  -75.341  -74.572  -74.572   -9.116   -6.820
   -4.221   -4.108   -3.628   -3.048   -2.927   -1.777   -1.701   -1.629   -1.231   -0.899
    1.469    2.810    3.275    6.542    7.168    7.727    9.512   10.644   11.186   12.889
            0.437500  0.396928  0.190695
 -121.525 -120.654  -76.890  -75.956  -75.341  -75.341  -74.572  -74.572   -9.117   -6.820
   -4.223   -4.106   -3.631   -3.049   -2.926   -1.778   -1.699   -1.627   -1.232   -0.904
    1.451    2.857    3.271    6.553    7.174    7.757    9.467   10.615   11.146   12.942
            0.441667  0.389711  0.198323
 -121.525 -120.654  -76.890  -75.956  -75.341  -75.341  -74.572  -74.572   -9.119   -6.820
   -4.225   -4.104   -3.634   -3.049   -2.925   -1.779   -1.697   -1.625   -1.233   -0.909
    1.434    2.902    3.266    6.565    7.177    7.787    9.427   10.586   11.099   13.004
            0.445833  0.382495  0.205950
 -121.525 -120.654  -76.890  -75.956  -75.341  -75.341  -74.572  -74.572   -9.120   -6.821
   -4.226   -4.102   -3.636   -3.050   -2.924   -1.780   -1.695   -1.623   -1.234   -0.914
    1.417    2.945    3.262    6.578    7.175    7.816    9.392   10.558   11.047   13.072
            0.450000  0.375278  0.213578
 -121.525 -120.654  -76.890  -75.956  -75.341  -75.341  -74.572  -74.572   -9.121   -6.821
   -4.228   -4.100   -3.639   -3.050   -2.924   -1.781   -1.693   -1.621   -1.234   -0.919
    1.402    2.988    3.258    6.593    7.170    7.844    9.363   10.531   10.993   13.144
            0.454167  0.368061  0.221206
 -121.525 -120.654  -76.890  -75.956  -75.341  -75.341  -74.572  -74.572   -9.123   -6.821
   -4.229   -4.099   -3.641   -3.051   -2.923   -1.782   -1.692   -1.619   -1.235   -0.923
    1.388    3.028    3.254    6.609    7.162    7.870    9.339   10.503   10.937   13.217
            0.458333  0.360844  0.228834
 -121.525 -120.654  -76.890  -75.956  -75.341  -75.341  -74.572  -74.572   -9.124   -6.821
   -4.230   -4.097   -3.644   -3.051   -2.922   -1.783   -1.690   -1.617   -1.236   -0.927
    1.374    3.066    3.251    6.627    7.149    7.894    9.322   10.477   10.882   13.291
            0.462500  0.353627  0.236462
 -121.525 -120.654  -76.890  -75.956  -75.341  -75.341  -74.572  -74.572   -9.125   -6.822
   -4.231   -4.096   -3.646   -3.052   -2.922   -1.784   -1.689   -1.616   -1.237   -0.931
    1.362    3.102    3.247    6.647    7.133    7.917    9.310   10.450   10.828   13.364
            0.466667  0.346410  0.244089
 -121.525 -120.654  -76.890  -75.956  -75.341  -75.341  -74.572  -74.572   -9.126   -6.822
   -4.232   -4.094   -3.647   -3.052   -2.921   -1.785   -1.687   -1.614   -1.237   -0.934
    1.351    3.135    3.245    6.668    7.114    7.937    9.304   10.424   10.778   13.435
            0.470833  0.339193  0.251717
 -121.525 -120.654  -76.890  -75.956  -75.341  -75.341  -74.572  -74.572   -9.126   -6.822
   -4.233   -4.093   -3.649   -3.052   -2.921   -1.786   -1.687   -1.612   -1.238   -0.937
    1.341    3.165    3.242    6.691    7.092    7.955    9.302   10.398   10.731   13.502
            0.475000  0.331976  0.259345
 -121.525 -120.654  -76.890  -75.956  -75.341  -75.341  -74.572  -74.572   -9.127   -6.822
   -4.234   -4.092   -3.650   -3.052   -2.920   -1.786   -1.686   -1.611   -1.238   -0.939
    1.333    3.191    3.240    6.715    7.067    7.970    9.304   10.373   10.691   13.564
            0.479167  0.324760  0.266973
 -121.525 -120.654  -76.890  -75.956  -75.341  -75.341  -74.572  -74.572   -9.128   -6.822
   -4.235   -4.091   -3.652   -3.053   -2.920   -1.787   -1.685   -1.609   -1.238   -0.941
    1.325    3.213    3.240    6.740    7.040    7.983    9.309   10.348   10.656   13.621
            0.483333  0.317543  0.274601
 -121.525 -120.654  -76.890  -75.956  -75.341  -75.341  -74.572  -74.572   -9.128   -6.823
   -4.235   -4.091   -3.653   -3.053   -2.919   -1.787   -1.684   -1.608   -1.239   -0.943
    1.319    3.226    3.244    6.767    7.012    7.994    9.316   10.326   10.628   13.671
            0.487500  0.310326  0.282228
 -121.525 -120.654  -76.890  -75.956  -75.341  -75.341  -74.572  -74.572   -9.129   -6.823
   -4.236   -4.090   -3.653   -3.053   -2.919   -1.788   -1.684   -1.607   -1.239   -0.945
    1.314    3.230    3.254    6.794    6.984    8.001    9.323   10.306   10.606   13.711
            0.491667  0.303109  0.289856
 -121.525 -120.654  -76.890  -75.956  -75.341  -75.341  -74.572  -74.572   -9.129   -6.823
   -4.236   -4.090   -3.654   -3.053   -2.919   -1.788   -1.684   -1.606   -1.239   -0.946
    1.311    3.230    3.263    6.821    6.955    8.007    9.329   10.291   10.591   13.742
            0.495833  0.295892  0.297484
 -121.525 -120.654  -76.890  -75.956  -75.341  -75.341  -74.572  -74.572   -9.129   -6.823
   -4.236   -4.090   -3.654   -3.053   -2.919   -1.788   -1.683   -1.606   -1.239   -0.946
    1.309    3.230    3.269    6.847    6.928    8.010    9.333   10.281   10.582   13.762
            0.500000  0.288675  0.305112
 -121.525 -120.654  -76.890  -75.956  -75.341  -75.341  -74.572  -74.572   -9.129   -6.823
   -4.236   -4.090   -3.654   -3.053   -2.919   -1.788   -1.683   -1.606   -1.240   -0.947
    1.308    3.230    3.271    6.861    6.914    8.011    9.335   10.278   10.579   13.768
            0.500000  0.288675  0.297484
 -121.525 -120.654  -76.890  -75.956  -75.341  -75.341  -74.572  -74.572   -9.129   -6.823
   -4.236   -4.090   -3.654   -3.053   -2.919   -1.788   -1.683   -1.606   -1.240   -0.947
    1.309    3.230    3.271    6.847    6.927    8.011    9.333   10.280   10.580   13.767
            0.500000  0.288675  0.289856
 -121.525 -120.654  -76.890  -75.956  -75.341  -75.341  -74.572  -74.572   -9.129   -6.823
   -4.236   -4.090   -3.654   -3.053   -2.919   -1.788   -1.683   -1.606   -1.240   -0.947
    1.310    3.231    3.271    6.819    6.950    8.013    9.328   10.288   10.583   13.763
            0.500000  0.288675  0.282228
 -121.525 -120.654  -76.890  -75.956  -75.341  -75.341  -74.572  -74.572   -9.129   -6.823
   -4.236   -4.089   -3.654   -3.053   -2.919   -1.788   -1.683   -1.607   -1.239   -0.947
    1.311    3.231    3.271    6.787    6.974    8.014    9.321   10.300   10.587   13.756
            0.500000  0.288675  0.274601
 -121.525 -120.654  -76.890  -75.956  -75.341  -75.341  -74.572  -74.572   -9.129   -6.823
   -4.236   -4.089   -3.654   -3.053   -2.919   -1.788   -1.683   -1.607   -1.239   -0.947
    1.313    3.232    3.271    6.754    6.996    8.017    9.310   10.316   10.595   13.747
            0.500000  0.288675  0.266973
 -121.525 -120.654  -76.890  -75.956  -75.341  -75.341  -74.572  -74.572   -9.129   -6.823
   -4.236   -4.089   -3.654   -3.053   -2.919   -1.788   -1.683   -1.608   -1.239   -0.947
    1.316    3.233    3.270    6.720    7.016    8.020    9.299   10.334   10.606   13.735
            0.500000  0.288675  0.259345
 -121.525 -120.654  -76.890  -75.956  -75.341  -75.341  -74.572  -74.572   -9.129   -6.823
   -4.236   -4.089   -3.654   -3.053   -2.918   -1.788   -1.683   -1.608   -1.239   -0.947
    1.320    3.235    3.270    6.685    7.034    8.023    9.287   10.351   10.621   13.721
            0.500000  0.288675  0.251717
 -121.525 -120.654  -76.890  -75.956  -75.341  -75.341  -74.572  -74.572   -9.129   -6.823
   -4.236   -4.089   -3.654   -3.053   -2.918   -1.788   -1.683   -1.609   -1.239   -0.947
    1.324    3.237    3.269    6.650    7.048    8.027    9.275   10.368   10.642   13.705
            0.500000  0.288675  0.244089
 -121.525 -120.654  -76.890  -75.956  -75.341  -75.341  -74.572  -74.572   -9.129   -6.823
   -4.236   -4.089   -3.653   -3.053   -2.918   -1.788   -1.683   -1.610   -1.239   -0.946
    1.329    3.239    3.268    6.615    7.060    8.032    9.263   10.382   10.667   13.687
            0.500000  0.288675  0.236462
 -121.525 -120.654  -76.890  -75.956  -75.341  -75.341  -74.572  -74.572   -9.129   -6.823
   -4.236   -4.089   -3.653   -3.053   -2.918   -1.788   -1.683   -1.611   -1.239   -0.947
    1.334    3.241    3.267    6.580    7.068    8.037    9.253   10.393   10.699   13.667
            0.500000  0.288675  0.228834
 -121.525 -120.654  -76.890  -75.956  -75.341  -75.341  -74.572  -74.572   -9.130   -6.823
   -4.236   -4.089   -3.653   -3.053   -2.918   -1.788   -1.683   -1.612   -1.239   -0.947
    1.340    3.243    3.266    6.546    7.072    8.043    9.245   10.401   10.735   13.645
            0.500000  0.288675  0.221206
 -121.525 -120.654  -76.890  -75.956  -75.341  -75.341  -74.572  -74.572   -9.130   -6.823
   -4.236   -4.089   -3.653   -3.053   -2.918   -1.788   -1.683   -1.613   -1.239   -0.947
    1.346    3.245    3.264    6.512    7.073    8.049    9.239   10.407   10.776   13.622
            0.500000  0.288675  0.213578
 -121.525 -120.654  -76.890  -75.956  -75.341  -75.341  -74.572  -74.572   -9.130   -6.823
   -4.236   -4.089   -3.653   -3.053   -2.918   -1.787   -1.683   -1.614   -1.239   -0.947
    1.353    3.248    3.263    6.479    7.071    8.056    9.235   10.410   10.820   13.597
            0.500000  0.288675  0.205950
 -121.525 -120.654  -76.890  -75.956  -75.341  -75.341  -74.572  -74.572   -9.130   -6.823
   -4.236   -4.089   -3.652   -3.053   -2.917   -1.787   -1.683   -1.616   -1.239   -0.947
    1.360    3.250    3.262    6.446    7.064    8.063    9.234   10.411   10.866   13.571
            0.500000  0.288675  0.198323
 -121.525 -120.654  -76.890  -75.956  -75.341  -75.341  -74.572  -74.572   -9.130   -6.823
   -4.236   -4.090   -3.652   -3.053   -2.918   -1.787   -1.683   -1.617   -1.239   -0.947
    1.368    3.253    3.260    6.415    7.054    8.071    9.236   10.410   10.914   13.544
            0.500000  0.288675  0.190695
 -121.525 -120.654  -76.890  -75.956  -75.341  -75.341  -74.572  -74.572   -9.130   -6.823
   -4.236   -4.090   -3.652   -3.052   -2.917   -1.787   -1.683   -1.618   -1.239   -0.947
    1.376    3.256    3.259    6.384    7.041    8.078    9.241   10.409   10.963   13.517
            0.500000  0.288675  0.183067
 -121.525 -120.654  -76.890  -75.956  -75.341  -75.341  -74.572  -74.572   -9.130   -6.823
   -4.236   -4.090   -3.651   -3.053   -2.917   -1.787   -1.683   -1.620   -1.239   -0.947
    1.384    3.257    3.259    6.355    7.025    8.087    9.248   10.406   11.012   13.489
            0.500000  0.288675  0.175439
 -121.525 -120.654  -76.890  -75.956  -75.341  -75.341  -74.572  -74.572   -9.130   -6.823
   -4.236   -4.090   -3.651   -3.052   -2.917   -1.787   -1.683   -1.621   -1.239   -0.947
    1.393    3.256    3.261    6.328    7.006    8.095    9.258   10.403   11.062   13.460
            0.500000  0.288675  0.167812
 -121.525 -120.654  -76.890  -75.956  -75.341  -75.341  -74.572  -74.572   -9.130   -6.823
   -4.236   -4.090   -3.651   -3.052   -2.917   -1.787   -1.683   -1.623   -1.239   -0.947
    1.402    3.254    3.264    6.301    6.984    8.103    9.270   10.399   11.111   13.431
            0.500000  0.288675  0.160184
 -121.525 -120.654  -76.890  -75.956  -75.341  -75.341  -74.572  -74.572   -9.131   -6.823
   -4.236   -4.090   -3.650   -3.052   -2.917   -1.787   -1.683   -1.625   -1.239   -0.947
    1.411    3.252    3.267    6.277    6.959    8.112    9.283   10.395   11.159   13.403
            0.500000  0.288675  0.152556
 -121.525 -120.654  -76.890  -75.956  -75.341  -75.341  -74.572  -74.572   -9.131   -6.823
   -4.236   -4.090   -3.650   -3.052   -2.917   -1.787   -1.683   -1.626   -1.239   -0.947
    1.420    3.251    3.269    6.254    6.933    8.121    9.299   10.391   11.206   13.374
            0.500000  0.288675  0.144928
 -121.525 -120.654  -76.890  -75.956  -75.341  -75.341  -74.572  -74.572   -9.131   -6.823
   -4.236   -4.090   -3.650   -3.052   -2.917   -1.786   -1.683   -1.628   -1.239   -0.947
    1.429    3.249    3.272    6.232    6.904    8.130    9.317   10.387   11.252   13.346
            0.500000  0.288675  0.137300
 -121.525 -120.654  -76.890  -75.956  -75.341  -75.341  -74.572  -74.572   -9.131   -6.823
   -4.236   -4.090   -3.649   -3.052   -2.916   -1.786   -1.683   -1.630   -1.239   -0.947
    1.438    3.248    3.274    6.213    6.875    8.139    9.335   10.382   11.297   13.318
            0.500000  0.288675  0.129673
 -121.525 -120.654  -76.890  -75.956  -75.341  -75.341  -74.572  -74.572   -9.131   -6.823
   -4.236   -4.090   -3.649   -3.052   -2.916   -1.786   -1.684   -1.631   -1.240   -0.947
    1.448    3.246    3.276    6.195    6.844    8.147    9.355   10.378   11.339   13.291
            0.500000  0.288675  0.122045
 -121.525 -120.654  -76.890  -75.956  -75.341  -75.341  -74.572  -74.572   -9.131   -6.823
   -4.236   -4.090   -3.649   -3.052   -2.916   -1.786   -1.683   -1.633   -1.239   -0.947
    1.457    3.244    3.278    6.180    6.812    8.156    9.375   10.373   11.380   13.264
            0.500000  0.288675  0.114417
 -121.525 -120.654  -76.890  -75.956  -75.341  -75.341  -74.572  -74.572   -9.131   -6.823
   -4.236   -4.090   -3.649   -3.052   -2.916   -1.786   -1.683   -1.634   -1.239   -0.947
    1.466    3.243    3.280    6.166    6.779    8.164    9.396   10.369   11.419   13.239
            0.500000  0.288675  0.106789
 -121.525 -120.654  -76.890  -75.956  -75.341  -75.341  -74.572  -74.572   -9.132   -6.823
   -4.235   -4.090   -3.648   -3.051   -2.916   -1.785   -1.683   -1.635   -1.239   -0.947
    1.474    3.241    3.282    6.155    6.746    8.173    9.416   10.364   11.455   13.214
            0.500000  0.288675  0.099161
 -121.525 -120.654  -76.890  -75.956  -75.341  -75.341  -74.572  -74.572   -9.132   -6.823
   -4.235   -4.090   -3.648   -3.051   -2.915   -1.785   -1.683   -1.637   -1.239   -0.947
    1.483    3.240    3.283    6.145    6.714    8.180    9.437   10.360   11.490   13.191
            0.500000  0.288675  0.091534
 -121.525 -120.654  -76.890  -75.956  -75.341  -75.341  -74.572  -74.572   -9.132   -6.823
   -4.235   -4.090   -3.647   -3.051   -2.915   -1.785   -1.683   -1.638   -1.240   -0.947
    1.491    3.239    3.285    6.137    6.681    8.188    9.457   10.356   11.521   13.168
            0.500000  0.288675  0.083906
 -121.525 -120.654  -76.890  -75.956  -75.341  -75.341  -74.572  -74.572   -9.132   -6.823
   -4.235   -4.090   -3.647   -3.051   -2.915   -1.785   -1.684   -1.639   -1.240   -0.947
    1.499    3.237    3.286    6.131    6.649    8.195    9.476   10.352   11.551   13.148
            0.500000  0.288675  0.076278
 -121.525 -120.654  -76.890  -75.956  -75.341  -75.341  -74.572  -74.572   -9.132   -6.823
   -4.235   -4.090   -3.647   -3.051   -2.915   -1.785   -1.684   -1.640   -1.240   -0.947
    1.506    3.236    3.287    6.128    6.617    8.202    9.495   10.349   11.577   13.128
            0.500000  0.288675  0.068650
 -121.525 -120.654  -76.890  -75.956  -75.341  -75.341  -74.572  -74.572   -9.132   -6.823
   -4.235   -4.090   -3.647   -3.051   -2.915   -1.785   -1.684   -1.641   -1.240   -0.947
    1.513    3.235    3.288    6.126    6.587    8.208    9.512   10.346   11.602   13.111
            0.500000  0.288675  0.061022
 -121.525 -120.654  -76.890  -75.956  -75.341  -75.341  -74.572  -74.572   -9.132   -6.823
   -4.235   -4.090   -3.646   -3.051   -2.915   -1.785   -1.684   -1.642   -1.240   -0.947
    1.519    3.234    3.288    6.125    6.558    8.214    9.528   10.343   11.623   13.095
            0.500000  0.288675  0.053395
 -121.525 -120.654  -76.890  -75.956  -75.341  -75.341  -74.572  -74.572   -9.132   -6.823
   -4.236   -4.090   -3.646   -3.051   -2.915   -1.785   -1.684   -1.643   -1.240   -0.947
    1.524    3.233    3.289    6.126    6.530    8.219    9.542   10.340   11.642   13.080
            0.500000  0.288675  0.045767
 -121.525 -120.654  -76.890  -75.956  -75.341  -75.341  -74.572  -74.572   -9.132   -6.823
   -4.236   -4.090   -3.647   -3.051   -2.915   -1.785   -1.684   -1.644   -1.240   -0.947
    1.529    3.232    3.289    6.128    6.505    8.223    9.555   10.337   11.659   13.067
            0.500000  0.288675  0.038139
 -121.525 -120.654  -76.890  -75.956  -75.341  -75.341  -74.572  -74.572   -9.132   -6.823
   -4.236   -4.090   -3.646   -3.051   -2.915   -1.785   -1.684   -1.645   -1.240   -0.947
    1.533    3.232    3.290    6.131    6.482    8.227    9.567   10.335   11.672   13.057
            0.500000  0.288675  0.030511
 -121.525 -120.654  -76.890  -75.956  -75.341  -75.341  -74.572  -74.572   -9.132   -6.823
   -4.236   -4.090   -3.646   -3.051   -2.915   -1.785   -1.684   -1.646   -1.240   -0.947
    1.537    3.231    3.290    6.135    6.462    8.231    9.576   10.334   11.684   13.048
            0.500000  0.288675  0.022883
 -121.525 -120.654  -76.890  -75.956  -75.341  -75.341  -74.572  -74.572   -9.132   -6.823
   -4.236   -4.090   -3.646   -3.051   -2.914   -1.784   -1.684   -1.646   -1.240   -0.947
    1.540    3.231    3.290    6.139    6.446    8.233    9.583   10.332   11.693   13.041
            0.500000  0.288675  0.015256
 -121.525 -120.654  -76.890  -75.956  -75.341  -75.341  -74.572  -74.572   -9.132   -6.823
   -4.236   -4.090   -3.646   -3.051   -2.914   -1.784   -1.683   -1.646   -1.240   -0.947
    1.542    3.231    3.290    6.142    6.434    8.235    9.589   10.332   11.699   13.036
            0.500000  0.288675  0.007628
 -121.525 -120.654  -76.890  -75.956  -75.341  -75.341  -74.572  -74.572   -9.133   -6.823
   -4.236   -4.090   -3.646   -3.051   -2.914   -1.784   -1.683   -1.647   -1.240   -0.947
    1.543    3.230    3.290    6.144    6.426    8.236    9.592   10.331   11.703   13.033
            0.500000  0.288675  0.000000
 -121.525 -120.654  -76.890  -75.956  -75.341  -75.341  -74.572  -74.572   -9.133   -6.823
   -4.236   -4.090   -3.646   -3.051   -2.914   -1.784   -1.684   -1.647   -1.240   -0.947
    1.543    3.230    3.290    6.145    6.423    8.236    9.593   10.331   11.704   13.032
            0.487500  0.281458  0.000000
 -121.525 -120.654  -76.890  -75.956  -75.341  -75.341  -74.572  -74.572   -9.133   -6.823
   -4.236   -4.090   -3.647   -3.051   -2.914   -1.784   -1.684   -1.647   -1.240   -0.947
    1.546    3.232    3.289    6.135    6.439    8.237    9.592   10.332   11.705   13.033
            0.475000  0.274241  0.000000
 -121.525 -120.654  -76.890  -75.956  -75.341  -75.341  -74.572  -74.572   -9.135   -6.824
   -4.235   -4.090   -3.650   -3.050   -2.914   -1.784   -1.684   -1.647   -1.241   -0.946
    1.553    3.237    3.285    6.110    6.478    8.237    9.591   10.337   11.710   13.038
            0.462500  0.267024  0.000000
 -121.525 -120.654  -76.890  -75.956  -75.341  -75.341  -74.572  -74.572   -9.138   -6.824
   -4.235   -4.090   -3.654   -3.050   -2.915   -1.784   -1.684   -1.647   -1.243   -0.944
    1.564    3.245    3.278    6.079    6.533    8.237    9.588   10.345   11.719   13.046
            0.450000  0.259808  0.000000
 -121.525 -120.654  -76.890  -75.956  -75.341  -75.341  -74.572  -74.572   -9.142   -6.825
   -4.234   -4.090   -3.660   -3.049   -2.915   -1.783   -1.685   -1.647   -1.245   -0.942
    1.580    3.256    3.269    6.048    6.598    8.237    9.584   10.356   11.731   13.057
            0.437500  0.252591  0.000000
 -121.525 -120.654  -76.890  -75.956  -75.341  -75.341  -74.572  -74.572   -9.148   -6.826
   -4.234   -4.089   -3.667   -3.048   -2.915   -1.783   -1.685   -1.647   -1.249   -0.939
    1.601    3.257    3.271    6.022    6.668    8.238    9.579   10.370   11.746   13.071
            0.425000  0.245374  0.000000
 -121.525 -120.654  -76.890  -75.956  -75.341  -75.341  -74.572  -74.572   -9.154   -6.827
   -4.233   -4.089   -3.676   -3.046   -2.915   -1.782   -1.686   -1.648   -1.252   -0.937
    1.627    3.242    3.289    6.000    6.742    8.238    9.572   10.388   11.764   13.088
            0.412500  0.238157  0.000000
 -121.525 -120.654  -76.890  -75.956  -75.341  -75.341  -74.572  -74.572   -9.162   -6.828
   -4.232   -4.088   -3.686   -3.044   -2.915   -1.781   -1.687   -1.648   -1.257   -0.935
    1.658    3.224    3.310    5.985    6.818    8.239    9.564   10.410   11.785   13.109
            0.400000  0.230940  0.000000
 -121.525 -120.654  -76.890  -75.956  -75.341  -75.341  -74.572  -74.572   -9.171   -6.829
   -4.231   -4.088   -3.697   -3.042   -2.915   -1.780   -1.688   -1.647   -1.262   -0.934
    1.695    3.203    3.333    5.976    6.895    8.239    9.554   10.435   11.810   13.131
            0.387500  0.223723  0.000000
 -121.525 -120.654  -76.890  -75.956  -75.341  -75.341  -74.572  -74.572   -9.180   -6.831
   -4.230   -4.087   -3.709   -3.040   -2.916   -1.779   -1.689   -1.647   -1.268   -0.934
    1.737    3.180    3.360    5.975    6.973    8.239    9.542   10.463   11.837   13.157
            0.375000  0.216506  0.000000
 -121.525 -120.654  -76.890  -75.956  -75.341  -75.341  -74.572  -74.572   -9.191   -6.832
   -4.228   -4.087   -3.722   -3.038   -2.916   -1.777   -1.691   -1.646   -1.274   -0.935
    1.785    3.155    3.389    5.981    7.049    8.239    9.529   10.496   11.868   13.186
            0.362500  0.209289  0.000000
 -121.525 -120.654  -76.890  -75.956  -75.341  -75.341  -74.572  -74.572   -9.202   -6.834
   -4.227   -4.086   -3.736   -3.035   -2.916   -1.776   -1.692   -1.645   -1.280   -0.937
    1.838    3.127    3.421    5.994    7.125    8.238    9.513   10.531   11.901   13.217
            0.350000  0.202073  0.000000
 -121.525 -120.654  -76.890  -75.956  -75.341  -75.341  -74.572  -74.572   -9.215   -6.836
   -4.225   -4.086   -3.751   -3.032   -2.916   -1.774   -1.694   -1.643   -1.287   -0.942
    1.896    3.098    3.456    6.013    7.198    8.237    9.496   10.570   11.936   13.250
            0.337500  0.194856  0.000000
 -121.525 -120.654  -76.890  -75.956  -75.341  -75.341  -74.572  -74.572   -9.227   -6.838
   -4.224   -4.085   -3.766   -3.028   -2.917   -1.773   -1.696   -1.641   -1.294   -0.948
    1.960    3.067    3.493    6.040    7.268    8.236    9.476   10.612   11.975   13.286
            0.325000  0.187639  0.000000
 -121.525 -120.654  -76.890  -75.956  -75.341  -75.341  -74.572  -74.572   -9.241   -6.840
   -4.222   -4.084   -3.781   -3.025   -2.917   -1.771   -1.698   -1.639   -1.302   -0.956
    2.028    3.036    3.532    6.073    7.334    8.234    9.455   10.656   12.015   13.323
            0.312500  0.180422  0.000000
 -121.525 -120.654  -76.890  -75.956  -75.341  -75.341  -74.572  -74.572   -9.255   -6.842
   -4.220   -4.083   -3.797   -3.021   -2.917   -1.769   -1.700   -1.636   -1.310   -0.966
    2.101    3.005    3.573    6.113    7.396    8.231    9.432   10.702   12.058   13.363
            0.300000  0.173205  0.000000
 -121.525 -120.654  -76.890  -75.956  -75.341  -75.341  -74.572  -74.572   -9.269   -6.844
   -4.218   -4.083   -3.813   -3.017   -2.918   -1.767   -1.702   -1.633   -1.318   -0.978
    2.177    2.975    3.616    6.158    7.452    8.227    9.407   10.750   12.102   13.403
            0.287500  0.165988  0.000000
 -121.525 -120.654  -76.890  -75.956  -75.341  -75.341  -74.572  -74.572   -9.283   -6.847
   -4.215   -4.082   -3.829   -3.012   -2.918   -1.766   -1.704   -1.629   -1.327   -0.992
    2.255    2.948    3.661    6.208    7.503    8.223    9.380   10.798   12.147   13.445
            0.275000  0.158771  0.000000
 -121.525 -120.654  -76.890  -75.956  -75.341  -75.341  -74.572  -74.572   -9.298   -6.849
   -4.213   -4.081   -3.844   -3.008   -2.919   -1.764   -1.706   -1.625   -1.335   -1.007
    2.332    2.926    3.708    6.263    7.547    8.217    9.350   10.846   12.194   13.487
            0.262500  0.151554  0.000000
 -121.525 -120.654  -76.890  -75.956  -75.341  -75.341  -74.572  -74.572   -9.313   -6.851
   -4.211   -4.080   -3.860   -3.003   -2.919   -1.762   -1.707   -1.621   -1.343   -1.024
    2.404    2.914    3.755    6.322    7.585    8.211    9.319   10.893   12.241   13.529
            0.250000  0.144338  0.000000
 -121.525 -120.654  -76.890  -75.956  -75.341  -75.341  -74.572  -74.572   -9.328   -6.854
   -4.208   -4.080   -3.875   -2.998   -2.919   -1.760   -1.709   -1.616   -1.351   -1.042
    2.465    2.917    3.804    6.386    7.614    8.203    9.286   10.938   12.288   13.569
            0.237500  0.137121  0.000000
 -121.525 -120.654  -76.890  -75.956  -75.341  -75.341  -74.572  -74.572   -9.343   -6.856
   -4.206   -4.079   -3.890   -2.993   -2.920   -1.758   -1.711   -1.610   -1.359   -1.061
    2.507    2.943    3.853    6.452    7.637    8.194    9.250   10.980   12.335   13.607
            0.225000  0.129904  0.000000
 -121.525 -120.654  -76.890  -75.956  -75.341  -75.341  -74.572  -74.572   -9.357   -6.859
   -4.203   -4.078   -3.905   -2.988   -2.920   -1.756   -1.713   -1.605   -1.367   -1.081
    2.527    2.995    3.904    6.522    7.651    8.185    9.211   11.018   12.382   13.630
            0.212500  0.122687  0.000000
 -121.525 -120.654  -76.890  -75.956  -75.341  -75.341  -74.572  -74.572   -9.372   -6.861
   -4.200   -4.077   -3.919   -2.983   -2.921   -1.754   -1.715   -1.599   -1.375   -1.101
    2.528    3.070    3.954    6.595    7.658    8.174    9.170   11.050   12.427   13.604
            0.200000  0.115470  0.000000
 -121.525 -120.654  -76.890  -75.956  -75.341  -75.341  -74.572  -74.572   -9.386   -6.863
   -4.197   -4.076   -3.933   -2.978   -2.921   -1.752   -1.717   -1.592   -1.382   -1.123
    2.516    3.162    4.004    6.669    7.657    8.162    9.127   11.075   12.473   13.597
            0.187500  0.108253  0.000000
 -121.525 -120.654  -76.890  -75.956  -75.341  -75.341  -74.572  -74.572   -9.400   -6.865
   -4.193   -4.075   -3.947   -2.972   -2.921   -1.750   -1.718   -1.585   -1.389   -1.145
    2.498    3.263    4.055    6.745    7.648    8.149    9.081   11.094   12.519   13.609
            0.175000  0.101036  0.000000
 -121.525 -120.654  -76.890  -75.956  -75.341  -75.341  -74.572  -74.572   -9.413   -6.868
   -4.190   -4.075   -3.960   -2.967   -2.921   -1.748   -1.720   -1.578   -1.396   -1.166
    2.476    3.371    4.104    6.821    7.633    8.135    9.032   11.105   12.567   13.637
            0.162500  0.093819  0.000000
 -121.525 -120.654  -76.890  -75.956  -75.341  -75.341  -74.572  -74.572   -9.426   -6.870
   -4.187   -4.074   -3.972   -2.962   -2.922   -1.746   -1.722   -1.571   -1.403   -1.188
    2.452    3.482    4.152    6.898    7.612    8.120    8.980   11.110   12.617   13.631
            0.150000  0.086603  0.000000
 -121.525 -120.654  -76.890  -75.956  -75.341  -75.341  -74.572  -74.572   -9.438   -6.872
   -4.183   -4.073   -3.984   -2.957   -2.922   -1.745   -1.723   -1.563   -1.409   -1.210
    2.428    3.595    4.200    6.972    7.587    8.105    8.926   11.108   12.671   13.587
            0.137500  0.079386  0.000000
 -121.525 -120.654  -76.890  -75.956  -75.341  -75.341  -74.572  -74.572   -9.449   -6.874
   -4.180   -4.072   -3.995   -2.952   -2.922   -1.743   -1.725   -1.555   -1.415   -1.232
    2.405    3.708    4.245    7.042    7.561    8.089    8.870   11.101   12.728   13.538
            0.125000  0.072169  0.000000
 -121.525 -120.654  -76.890  -75.956  -75.341  -75.341  -74.572  -74.572   -9.459   -6.875
   -4.176   -4.072   -4.006   -2.948   -2.923   -1.742   -1.726   -1.546   -1.420   -1.253
    2.382    3.820    4.288    7.104    7.538    8.073    8.811   11.091   12.786   13.488
            0.112500  0.064952  0.000000
 -121.525 -120.654  -76.890  -75.956  -75.341  -75.341  -74.572  -74.572   -9.469   -6.877
   -4.173   -4.071   -4.017   -2.943   -2.923   -1.740   -1.728   -1.537   -1.426   -1.274
    2.361    3.929    4.329    7.150    7.528    8.057    8.750   11.077   12.847   13.438
            0.100000  0.057735  0.000000
 -121.525 -120.654  -76.890  -75.956  -75.341  -75.341  -74.572  -74.572   -9.478   -6.878
   -4.169   -4.071   -4.026   -2.940   -2.923   -1.739   -1.729   -1.528   -1.431   -1.295
    2.342    4.034    4.367    7.172    7.538    8.042    8.687   11.063   12.908   13.392
            0.087500  0.050518  0.000000
 -121.525 -120.654  -76.890  -75.956  -75.341  -75.341  -74.572  -74.572   -9.486   -6.880
   -4.165   -4.070   -4.035   -2.936   -2.923   -1.738   -1.730   -1.518   -1.434   -1.314
    2.325    4.134    4.401    7.168    7.573    8.028    8.623   11.048   12.967   13.350
            0.075000  0.043301  0.000000
 -121.525 -120.654  -76.890  -75.956  -75.341  -75.341  -74.572  -74.572   -9.493   -6.881
   -4.162   -4.070   -4.043   -2.933   -2.924   -1.737   -1.731   -1.508   -1.438   -1.333
    2.310    4.227    4.432    7.144    7.627    8.014    8.557   11.033   13.023   13.313
            0.062500  0.036084  0.000000
 -121.525 -120.654  -76.890  -75.956  -75.341  -75.341  -74.572  -74.572   -9.499   -6.882
   -4.158   -4.070   -4.050   -2.930   -2.924   -1.736   -1.732   -1.498   -1.441   -1.351
    2.297    4.310    4.459    7.111    7.692    8.002    8.490   11.019   13.075   13.281
            0.050000  0.028868  0.000000
 -121.525 -120.654  -76.890  -75.956  -75.341  -75.341  -74.572  -74.572   -9.503   -6.883
   -4.155   -4.069   -4.056   -2.928   -2.924   -1.735   -1.733   -1.487   -1.444   -1.369
    2.286    4.383    4.481    7.076    7.762    7.992    8.423   11.007   13.121   13.255
            0.037500  0.021651  0.000000
 -121.525 -120.654  -76.890  -75.956  -75.341  -75.341  -74.572  -74.572   -9.507   -6.883
   -4.152   -4.069   -4.062   -2.926   -2.924   -1.735   -1.733   -1.476   -1.446   -1.385
    2.277    4.442    4.499    7.045    7.831    7.983    8.357   10.998   13.158   13.235
            0.025000  0.014434  0.000000
 -121.525 -120.654  -76.890  -75.956  -75.341  -75.341  -74.572  -74.572   -9.510   -6.884
   -4.150   -4.069   -4.066   -2.925   -2.924   -1.734   -1.734   -1.464   -1.447   -1.400
    2.271    4.486    4.512    7.019    7.897    7.977    8.295   10.991   13.186   13.220
            0.012500  0.007217  0.000000
 -121.525 -120.654  -76.890  -75.956  -75.341  -75.341  -74.572  -74.572   -9.512   -6.884
   -4.149   -4.069   -4.068   -2.924   -2.924   -1.734   -1.734   -1.454   -1.448   -1.413
    2.268    4.513    4.519    7.003    7.950    7.973    8.245   10.986   13.203   13.211
            0.000000  0.000000  0.000000
 -121.525 -120.654  -76.890  -75.956  -75.341  -75.341  -74.572  -74.572   -9.512   -6.884
   -4.148   -4.069   -4.069   -2.924   -2.924   -1.734   -1.734   -1.448   -1.448   -1.418
    2.266    4.522    4.522    6.998    7.972    7.972    8.223   10.985   13.209   13.209
