 &plot nbnd=  20, nks=   201 /
            0.000000  0.000000  1.000000
   -8.314   -8.143   -8.143   -8.139   -8.096   -3.621   -0.257    3.966    3.966    8.032
    8.263   16.989   16.989   17.748   20.125   20.315   20.315   20.476   22.541   26.428
            0.000000  0.000000  0.975000
   -8.313   -8.143   -8.143   -8.139   -8.096   -3.629   -0.245    3.969    3.969    8.028
    8.274   16.967   16.967   17.722   20.140   20.341   20.341   20.455   22.567   26.269
            0.000000  0.000000  0.950000
   -8.313   -8.143   -8.143   -8.139   -8.096   -3.654   -0.211    3.977    3.977    8.019
    8.304   16.903   16.903   17.649   20.184   20.395   20.416   20.416   22.644   25.979
            0.000000  0.000000  0.925000
   -8.312   -8.143   -8.143   -8.139   -8.097   -3.695   -0.156    3.990    3.990    8.007
    8.349   16.802   16.802   17.535   20.247   20.304   20.535   20.535   22.764   25.668
            0.000000  0.000000  0.900000
   -8.311   -8.144   -8.144   -8.138   -8.097   -3.750   -0.080    4.009    4.009    7.998
    8.406   16.670   16.670   17.387   20.190   20.319   20.691   20.691   22.917   25.357
            0.000000  0.000000  0.875000
   -8.310   -8.145   -8.145   -8.138   -8.097   -3.816    0.014    4.032    4.032    7.993
    8.472   16.515   16.515   17.214   20.061   20.389   20.879   20.879   23.098   25.050
            0.000000  0.000000  0.850000
   -8.309   -8.146   -8.146   -8.138   -8.097   -3.893    0.123    4.062    4.062    7.992
    8.546   16.341   16.341   17.022   19.922   20.446   21.092   21.092   23.299   24.702
            0.000000  0.000000  0.825000
   -8.307   -8.147   -8.147   -8.137   -8.097   -3.978    0.247    4.096    4.096    7.997
    8.627   16.154   16.154   16.816   19.778   20.479   21.325   21.325   23.517   24.345
            0.000000  0.000000  0.800000
   -8.305   -8.148   -8.148   -8.136   -8.098   -4.070    0.383    4.135    4.135    8.008
    8.716   15.957   15.957   16.601   19.631   20.482   21.575   21.575   23.749   23.997
            0.000000  0.000000  0.775000
   -8.303   -8.149   -8.149   -8.135   -8.098   -4.166    0.530    4.180    4.180    8.025
    8.810   15.752   15.752   16.379   19.484   20.447   21.838   21.838   23.659   23.659
            0.000000  0.000000  0.750000
   -8.300   -8.151   -8.151   -8.135   -8.099   -4.266    0.686    4.229    4.229    8.048
    8.910   15.543   15.543   16.153   19.338   20.373   22.111   22.111   23.333   23.333
            0.000000  0.000000  0.725000
   -8.297   -8.152   -8.152   -8.134   -8.099   -4.368    0.850    4.284    4.284    8.077
    9.015   15.330   15.330   15.925   19.194   20.260   22.388   22.388   23.022   23.022
            0.000000  0.000000  0.700000
   -8.294   -8.154   -8.154   -8.133   -8.099   -4.471    1.021    4.344    4.344    8.112
    9.124   15.114   15.114   15.698   19.052   20.110   22.583   22.583   22.813   22.813
            0.000000  0.000000  0.675000
   -8.291   -8.156   -8.156   -8.132   -8.100   -4.574    1.198    4.408    4.408    8.153
    9.236   14.897   14.897   15.472   18.914   19.930   22.368   22.368   22.710   23.033
            0.000000  0.000000  0.650000
   -8.288   -8.158   -8.158   -8.131   -8.100   -4.677    1.380    4.477    4.477    8.199
    9.350   14.679   14.679   15.251   18.780   19.723   22.086   22.086   22.451   23.336
            0.000000  0.000000  0.625000
   -8.284   -8.160   -8.160   -8.130   -8.101   -4.780    1.567    4.550    4.550    8.252
    9.464   14.461   14.461   15.036   18.649   19.494   21.809   21.809   22.203   23.653
            0.000000  0.000000  0.600000
   -8.280   -8.162   -8.162   -8.129   -8.102   -4.880    1.758    4.628    4.628    8.310
    9.576   14.243   14.243   14.830   18.523   19.250   21.540   21.540   21.967   23.978
            0.000000  0.000000  0.575000
   -8.276   -8.164   -8.164   -8.127   -8.102   -4.979    1.952    4.710    4.710    8.374
    9.684   14.025   14.025   14.637   18.402   18.993   21.281   21.281   21.742   24.310
            0.000000  0.000000  0.550000
   -8.272   -8.166   -8.166   -8.126   -8.103   -5.075    2.150    4.797    4.797    8.443
    9.784   13.809   13.809   14.459   18.285   18.728   21.032   21.032   21.528   24.649
            0.000000  0.000000  0.525000
   -8.268   -8.168   -8.168   -8.125   -8.103   -5.169    2.351    4.887    4.887    8.518
    9.874   13.593   13.593   14.301   18.173   18.457   20.794   20.794   21.325   24.994
            0.000000  0.000000  0.500000
   -8.263   -8.170   -8.170   -8.124   -8.104   -5.260    2.554    4.981    4.981    8.597
    9.948   13.380   13.380   14.168   18.066   18.182   20.566   20.566   21.133   25.344
            0.000000  0.000000  0.475000
   -8.259   -8.172   -8.172   -8.123   -8.105   -5.348    2.760    5.079    5.079    8.680
   10.001   13.168   13.168   14.063   17.905   17.964   20.350   20.350   20.950   25.700
            0.000000  0.000000  0.450000
   -8.254   -8.174   -8.174   -8.122   -8.105   -5.432    2.968    5.179    5.179    8.768
   10.031   12.958   12.958   13.993   17.629   17.867   20.144   20.144   20.777   26.061
            0.000000  0.000000  0.425000
   -8.250   -8.176   -8.176   -8.121   -8.106   -5.513    3.178    5.283    5.283    8.859
   10.033   12.751   12.751   13.962   17.355   17.775   19.950   19.950   20.613   26.427
            0.000000  0.000000  0.400000
   -8.245   -8.178   -8.178   -8.120   -8.106   -5.589    3.389    5.389    5.389    8.952
   10.005   12.546   12.546   13.970   17.083   17.688   19.767   19.767   20.458   26.317
            0.000000  0.000000  0.375000
   -8.240   -8.180   -8.180   -8.119   -8.107   -5.662    3.603    5.498    5.498    9.046
    9.949   12.346   12.346   14.019   16.816   17.606   19.594   19.594   20.311   25.826
            0.000000  0.000000  0.350000
   -8.236   -8.182   -8.182   -8.118   -8.107   -5.731    3.818    5.607    5.607    9.136
    9.869   12.149   12.149   14.107   16.555   17.530   19.433   19.433   20.171   25.345
            0.000000  0.000000  0.325000
   -8.231   -8.183   -8.183   -8.117   -8.108   -5.796    4.034    5.718    5.718    9.214
    9.777   11.957   11.957   14.230   16.301   17.459   19.284   19.284   20.037   24.876
            0.000000  0.000000  0.300000
   -8.227   -8.185   -8.185   -8.116   -8.108   -5.857    4.252    5.830    5.830    9.257
    9.700   11.770   11.770   14.384   16.055   17.392   19.145   19.145   19.908   24.419
            0.000000  0.000000  0.275000
   -8.222   -8.187   -8.187   -8.115   -8.109   -5.913    4.471    5.940    5.940    9.220
    9.684   11.590   11.590   14.563   15.820   17.332   19.018   19.018   19.783   23.977
            0.000000  0.000000  0.250000
   -8.218   -8.188   -8.188   -8.115   -8.109   -5.964    4.692    6.050    6.050    9.102
    9.735   11.416   11.416   14.760   15.601   17.276   18.902   18.902   19.661   23.553
            0.000000  0.000000  0.225000
   -8.214   -8.189   -8.189   -8.114   -8.110   -6.011    4.913    6.157    6.157    8.938
    9.818   11.251   11.251   14.955   15.415   17.226   18.797   18.797   19.539   23.148
            0.000000  0.000000  0.200000
   -8.211   -8.191   -8.191   -8.114   -8.110   -6.054    5.135    6.260    6.260    8.751
    9.912   11.096   11.096   15.034   15.374   17.181   18.703   18.703   19.415   22.766
            0.000000  0.000000  0.175000
   -8.207   -8.192   -8.192   -8.113   -8.110   -6.091    5.358    6.358    6.358    8.550
   10.009   10.952   10.952   14.913   15.559   17.141   18.620   18.620   19.286   22.412
            0.000000  0.000000  0.150000
   -8.204   -8.193   -8.193   -8.113   -8.111   -6.124    5.581    6.450    6.450    8.342
   10.102   10.821   10.821   14.757   15.804   17.106   18.549   18.549   19.149   22.092
            0.000000  0.000000  0.125000
   -8.202   -8.194   -8.194   -8.112   -8.111   -6.151    5.805    6.532    6.532    8.128
   10.189   10.704   10.704   14.610   16.063   17.077   18.488   18.488   19.003   21.810
            0.000000  0.000000  0.100000
   -8.200   -8.194   -8.194   -8.112   -8.111   -6.174    6.027    6.603    6.603    7.912
   10.266   10.605   10.605   14.483   16.322   17.053   18.439   18.439   18.845   21.573
            0.000000  0.000000  0.075000
   -8.198   -8.195   -8.195   -8.112   -8.111   -6.192    6.247    6.661    6.661    7.696
   10.330   10.525   10.525   14.379   16.569   17.035   18.400   18.400   18.681   21.386
            0.000000  0.000000  0.050000
   -8.197   -8.195   -8.195   -8.112   -8.111   -6.205    6.458    6.705    6.705    7.486
   10.378   10.466   10.466   14.302   16.788   17.022   18.373   18.373   18.524   21.250
            0.000000  0.000000  0.025000
   -8.196   -8.195   -8.195   -8.112   -8.111   -6.212    6.646    6.731    6.731    7.299
   10.408   10.430   10.430   14.254   16.949   17.014   18.356   18.356   18.400   21.169
            0.000000  0.000000  0.000000
   -8.196   -8.196   -8.196   -8.112   -8.112   -6.215    6.741    6.741    6.741    7.205
   10.418   10.418   10.418   14.239   17.011   17.011   18.351   18.351   18.351   21.142
           -0.012500  0.012500  0.012500
   -8.196   -8.195   -8.195   -8.112   -8.112   -6.213    6.660    6.738    6.738    7.277
   10.420   10.422   10.422   14.251   16.988   16.988   18.338   18.381   18.381   21.162
           -0.025000  0.025000  0.025000
   -8.196   -8.195   -8.195   -8.112   -8.112   -6.207    6.490    6.729    6.729    7.423
   10.427   10.435   10.435   14.286   16.926   16.926   18.299   18.464   18.464   21.222
           -0.037500  0.037500  0.037500
   -8.197   -8.195   -8.195   -8.112   -8.112   -6.198    6.290    6.715    6.715    7.581
   10.440   10.456   10.456   14.345   16.836   16.836   18.239   18.590   18.590   21.317
           -0.050000  0.050000  0.050000
   -8.198   -8.195   -8.195   -8.112   -8.112   -6.184    6.077    6.695    6.695    7.734
   10.460   10.485   10.485   14.425   16.730   16.730   18.162   18.746   18.746   21.444
           -0.062500  0.062500  0.062500
   -8.199   -8.194   -8.194   -8.112   -8.112   -6.167    5.857    6.671    6.671    7.875
   10.492   10.521   10.521   14.524   16.616   16.616   18.073   18.925   18.925   21.598
           -0.075000  0.075000  0.075000
   -8.201   -8.194   -8.194   -8.112   -8.112   -6.146    5.632    6.642    6.642    7.999
   10.537   10.563   10.563   14.641   16.500   16.500   17.977   19.120   19.120   21.775
           -0.087500  0.087500  0.087500
   -8.203   -8.194   -8.194   -8.112   -8.112   -6.122    5.404    6.610    6.610    8.103
   10.598   10.611   10.611   14.772   16.387   16.387   17.880   19.328   19.328   21.972
           -0.100000  0.100000  0.100000
   -8.205   -8.193   -8.193   -8.112   -8.112   -6.094    5.175    6.573    6.573    8.187
   10.664   10.664   10.677   14.915   16.279   16.279   17.785   19.546   19.546   22.184
           -0.112500  0.112500  0.112500
   -8.208   -8.192   -8.192   -8.112   -8.112   -6.062    4.944    6.534    6.534    8.250
   10.721   10.721   10.775   15.064   16.177   16.177   17.698   19.774   19.774   22.411
           -0.125000  0.125000  0.125000
   -8.210   -8.192   -8.192   -8.112   -8.112   -6.027    4.713    6.493    6.493    8.293
   10.781   10.781   10.891   15.215   16.084   16.084   17.624   20.010   20.010   22.650
           -0.137500  0.137500  0.137500
   -8.213   -8.191   -8.191   -8.112   -8.112   -5.988    4.482    6.449    6.449    8.317
   10.842   10.842   11.024   15.362   16.000   16.000   17.570   20.254   20.254   22.900
           -0.150000  0.150000  0.150000
   -8.216   -8.190   -8.190   -8.112   -8.112   -5.946    4.252    6.404    6.404    8.327
   10.904   10.904   11.172   15.496   15.927   15.927   17.543   20.504   20.504   23.160
           -0.162500  0.162500  0.162500
   -8.219   -8.189   -8.189   -8.112   -8.112   -5.901    4.022    6.358    6.358    8.323
   10.966   10.966   11.334   15.608   15.865   15.865   17.551   20.761   20.761   23.428
           -0.175000  0.175000  0.175000
   -8.222   -8.189   -8.189   -8.112   -8.112   -5.852    3.795    6.311    6.311    8.309
   11.026   11.026   11.506   15.692   15.817   15.817   17.602   21.024   21.024   23.705
           -0.187500  0.187500  0.187500
   -8.225   -8.188   -8.188   -8.111   -8.111   -5.801    3.569    6.263    6.263    8.287
   11.084   11.084   11.687   15.743   15.781   15.781   17.699   21.292   21.292   23.988
           -0.200000  0.200000  0.200000
   -8.228   -8.187   -8.187   -8.111   -8.111   -5.746    3.346    6.216    6.216    8.258
   11.139   11.139   11.876   15.761   15.761   15.761   17.840   21.566   21.566   24.278
           -0.212500  0.212500  0.212500
   -8.232   -8.186   -8.186   -8.111   -8.111   -5.689    3.126    6.169    6.169    8.226
   11.189   11.189   12.071   15.754   15.755   15.755   18.019   21.845   21.845   24.572
           -0.225000  0.225000  0.225000
   -8.235   -8.185   -8.185   -8.111   -8.111   -5.629    2.908    6.123    6.123    8.190
   11.235   11.235   12.270   15.726   15.764   15.764   18.229   22.129   22.129   24.869
           -0.237500  0.237500  0.237500
   -8.238   -8.184   -8.184   -8.111   -8.111   -5.566    2.694    6.078    6.078    8.152
   11.275   11.275   12.472   15.686   15.790   15.790   18.460   22.416   22.416   25.159
           -0.250000  0.250000  0.250000
   -8.242   -8.183   -8.183   -8.111   -8.111   -5.501    2.484    6.034    6.034    8.113
   11.309   11.309   12.677   15.639   15.831   15.831   18.707   22.707   22.707   25.410
           -0.262500  0.262500  0.262500
   -8.245   -8.183   -8.183   -8.111   -8.111   -5.434    2.278    5.991    5.991    8.074
   11.338   11.338   12.882   15.590   15.889   15.889   18.962   22.999   22.999   25.474
           -0.275000  0.275000  0.275000
   -8.248   -8.182   -8.182   -8.111   -8.111   -5.366    2.077    5.949    5.949    8.035
   11.361   11.361   13.087   15.541   15.962   15.962   19.221   23.289   23.289   25.261
           -0.287500  0.287500  0.287500
   -8.251   -8.181   -8.181   -8.110   -8.110   -5.295    1.880    5.909    5.909    7.997
   11.378   11.378   13.289   15.498   16.051   16.051   19.478   23.567   23.567   24.943
           -0.300000  0.300000  0.300000
   -8.254   -8.180   -8.180   -8.110   -8.110   -5.224    1.689    5.871    5.871    7.959
   11.390   11.390   13.486   15.462   16.155   16.155   19.726   23.796   23.796   24.683
           -0.312500  0.312500  0.312500
   -8.257   -8.180   -8.180   -8.110   -8.110   -5.152    1.504    5.834    5.834    7.923
   11.398   11.398   13.675   15.439   16.273   16.273   19.957   23.850   23.850   24.604
           -0.325000  0.325000  0.325000
   -8.260   -8.179   -8.179   -8.110   -8.110   -5.079    1.326    5.800    5.800    7.889
   11.401   11.401   13.851   15.434   16.404   16.404   20.161   23.664   23.664   24.427
           -0.337500  0.337500  0.337500
   -8.263   -8.178   -8.178   -8.109   -8.109   -5.006    1.154    5.767    5.767    7.857
   11.401   11.401   14.009   15.451   16.548   16.548   20.328   23.383   23.383   24.296
           -0.350000  0.350000  0.350000
   -8.265   -8.178   -8.178   -8.109   -8.109   -4.934    0.990    5.737    5.737    7.826
   11.398   11.398   14.141   15.498   16.703   16.703   20.446   23.078   23.078   24.224
           -0.362500  0.362500  0.362500
   -8.268   -8.177   -8.177   -8.109   -8.109   -4.863    0.834    5.709    5.709    7.797
   11.393   11.393   14.244   15.579   16.870   16.870   20.506   22.768   22.768   24.219
           -0.375000  0.375000  0.375000
   -8.270   -8.177   -8.177   -8.108   -8.108   -4.794    0.687    5.683    5.683    7.771
   11.387   11.387   14.317   15.694   17.046   17.046   20.506   22.458   22.458   24.285
           -0.387500  0.387500  0.387500
   -8.272   -8.177   -8.177   -8.108   -8.108   -4.727    0.550    5.659    5.659    7.747
   11.379   11.379   14.363   15.839   17.231   17.231   20.449   22.152   22.152   24.416
           -0.400000  0.400000  0.400000
   -8.274   -8.176   -8.176   -8.108   -8.108   -4.664    0.423    5.638    5.638    7.726
   11.371   11.371   14.390   16.006   17.424   17.424   20.345   21.851   21.851   24.603
           -0.412500  0.412500  0.412500
   -8.275   -8.176   -8.176   -8.108   -8.108   -4.605    0.309    5.619    5.619    7.706
   11.363   11.363   14.402   16.186   17.624   17.624   20.207   21.557   21.557   24.834
           -0.425000  0.425000  0.425000
   -8.277   -8.176   -8.176   -8.107   -8.107   -4.551    0.206    5.603    5.603    7.690
   11.355   11.355   14.406   16.374   17.828   17.828   20.047   21.272   21.272   25.095
           -0.437500  0.437500  0.437500
   -8.278   -8.175   -8.175   -8.107   -8.107   -4.503    0.118    5.589    5.589    7.675
   11.347   11.347   14.405   16.561   18.034   18.034   19.877   20.997   20.997   25.375
           -0.450000  0.450000  0.450000
   -8.279   -8.175   -8.175   -8.107   -8.107   -4.462    0.043    5.578    5.578    7.664
   11.341   11.341   14.402   16.740   18.239   18.239   19.707   20.736   20.736   25.660
           -0.462500  0.462500  0.462500
   -8.280   -8.175   -8.175   -8.107   -8.107   -4.430   -0.016    5.569    5.569    7.655
   11.336   11.336   14.398   16.900   18.435   18.435   19.551   20.497   20.497   25.935
           -0.475000  0.475000  0.475000
   -8.280   -8.175   -8.175   -8.107   -8.107   -4.406   -0.058    5.562    5.562    7.648
   11.332   11.332   14.394   17.031   18.610   18.610   19.423   20.291   20.291   26.177
           -0.487500  0.487500  0.487500
   -8.280   -8.175   -8.175   -8.107   -8.107   -4.391   -0.084    5.559    5.559    7.644
   11.330   11.330   14.392   17.119   18.740   18.740   19.336   20.143   20.143   26.351
           -0.500000  0.500000  0.500000
   -8.281   -8.175   -8.175   -8.107   -8.107   -4.386   -0.093    5.557    5.557    7.643
   11.329   11.329   14.391   17.150   18.790   18.790   19.305   20.087   20.087   26.416
           -0.500000  0.487500  0.512500
   -8.281   -8.175   -8.175   -8.107   -8.107   -4.385   -0.092    5.542    5.555    7.658
   11.324   11.334   14.398   17.141   18.768   18.780   19.301   20.099   20.127   26.413
           -0.500000  0.475000  0.525000
   -8.281   -8.175   -8.175   -8.107   -8.107   -4.382   -0.090    5.498    5.549    7.702
   11.311   11.348   14.420   17.117   18.700   18.757   19.299   20.137   20.237   26.406
           -0.500000  0.462500  0.537500
   -8.281   -8.175   -8.175   -8.107   -8.107   -4.377   -0.087    5.428    5.538    7.772
   11.288   11.372   14.454   17.078   18.590   18.728   19.308   20.199   20.390   26.394
           -0.500000  0.450000  0.550000
   -8.281   -8.175   -8.174   -8.107   -8.107   -4.371   -0.083    5.338    5.522    7.862
   11.259   11.406   14.499   17.027   18.454   18.701   19.326   20.284   20.569   26.377
           -0.500000  0.437500  0.562500
   -8.281   -8.174   -8.174   -8.107   -8.107   -4.362   -0.077    5.233    5.503    7.967
   11.224   11.449   14.552   16.965   18.304   18.679   19.348   20.389   20.765   26.355
           -0.500000  0.425000  0.575000
   -8.281   -8.174   -8.173   -8.108   -8.107   -4.351   -0.070    5.115    5.478    8.083
   11.184   11.503   14.610   16.897   18.150   18.663   19.371   20.513   20.971   26.326
           -0.500000  0.412500  0.587500
   -8.282   -8.174   -8.173   -8.108   -8.107   -4.339   -0.062    4.990    5.450    8.207
   11.142   11.567   14.668   16.824   17.998   18.652   19.392   20.652   21.184   26.291
           -0.500000  0.400000  0.600000
   -8.282   -8.174   -8.172   -8.109   -8.107   -4.325   -0.053    4.860    5.417    8.334
   11.098   11.642   14.721   16.749   17.856   18.648   19.412   20.803   21.403   26.250
           -0.500000  0.387500  0.612500
   -8.282   -8.174   -8.172   -8.109   -8.107   -4.309   -0.044    4.726    5.380    8.464
   11.054   11.727   14.766   16.672   17.730   18.649   19.430   20.964   21.626   26.202
           -0.500000  0.375000  0.625000
   -8.283   -8.173   -8.171   -8.109   -8.107   -4.291   -0.033    4.591    5.339    8.594
   11.011   11.822   14.797   16.590   17.628   18.656   19.448   21.133   21.851   26.146
           -0.500000  0.362500  0.637500
   -8.283   -8.173   -8.170   -8.110   -8.107   -4.271   -0.022    4.456    5.293    8.723
   10.971   11.927   14.811   16.500   17.560   18.668   19.464   21.308   22.079   26.085
           -0.500000  0.350000  0.650000
   -8.284   -8.173   -8.169   -8.111   -8.107   -4.250   -0.010    4.322    5.244    8.849
   10.933   12.043   14.806   16.398   17.530   18.684   19.480   21.487   22.308   26.016
           -0.500000  0.337500  0.662500
   -8.284   -8.172   -8.168   -8.111   -8.107   -4.227    0.001    4.190    5.191    8.973
   10.899   12.167   14.783   16.282   17.544   18.704   19.496   21.670   22.538   25.942
           -0.500000  0.325000  0.675000
   -8.285   -8.172   -8.167   -8.112   -8.107   -4.203    0.013    4.061    5.133    9.092
   10.870   12.299   14.744   16.153   17.597   18.728   19.512   21.855   22.768   25.862
           -0.500000  0.312500  0.687500
   -8.285   -8.171   -8.166   -8.112   -8.107   -4.178    0.025    3.935    5.073    9.209
   10.846   12.438   14.692   16.013   17.686   18.757   19.527   22.041   22.997   25.778
           -0.500000  0.300000  0.700000
   -8.286   -8.171   -8.165   -8.113   -8.107   -4.151    0.037    3.814    5.008    9.321
   10.827   12.581   14.632   15.866   17.802   18.791   19.542   22.228   23.224   25.689
           -0.500000  0.287500  0.712500
   -8.287   -8.171   -8.164   -8.114   -8.107   -4.123    0.048    3.698    4.941    9.429
   10.814   12.725   14.570   15.714   17.940   18.830   19.557   22.414   23.448   25.597
           -0.500000  0.275000  0.725000
   -8.287   -8.170   -8.163   -8.115   -8.107   -4.093    0.058    3.587    4.871    9.534
   10.807   12.864   14.512   15.561   18.094   18.877   19.572   22.599   23.666   25.501
           -0.500000  0.262500  0.737500
   -8.288   -8.170   -8.162   -8.115   -8.107   -4.063    0.067    3.482    4.798    9.635
   10.806   12.991   14.467   15.407   18.255   18.933   19.587   22.781   23.876   25.403
           -0.500000  0.250000  0.750000
   -8.289   -8.169   -8.161   -8.116   -8.107   -4.032    0.075    3.384    4.722    9.733
   10.811   13.097   14.444   15.256   18.416   19.006   19.601   22.959   24.075   25.303
           -0.500000  0.237500  0.762500
   -8.290   -8.169   -8.160   -8.117   -8.107   -4.000    0.081    3.293    4.644    9.828
   10.823   13.170   14.452   15.112   18.564   19.102   19.616   23.131   24.255   25.203
           -0.500000  0.225000  0.775000
   -8.290   -8.168   -8.158   -8.117   -8.107   -3.968    0.085    3.210    4.565    9.920
   10.842   13.201   14.488   14.986   18.690   19.230   19.633   23.295   24.405   25.108
           -0.500000  0.212500  0.787500
   -8.291   -8.168   -8.157   -8.118   -8.107   -3.935    0.087    3.135    4.484   10.009
   10.866   13.193   14.518   14.913   18.789   19.387   19.655   23.449   24.503   25.034
           -0.500000  0.200000  0.800000
   -8.292   -8.167   -8.156   -8.118   -8.107   -3.902    0.086    3.068    4.402   10.096
   10.897   13.152   14.475   14.953   18.867   19.541   19.706   23.587   24.517   25.008
           -0.500000  0.187500  0.812500
   -8.293   -8.167   -8.155   -8.119   -8.107   -3.869    0.084    3.010    4.318   10.182
   10.934   13.087   14.367   15.088   18.931   19.617   19.853   23.702   24.450   25.028
           -0.500000  0.175000  0.825000
   -8.293   -8.166   -8.154   -8.120   -8.107   -3.837    0.079    2.961    4.235   10.266
   10.978   13.007   14.236   15.269   18.986   19.643   20.062   23.777   24.348   25.062
           -0.500000  0.162500  0.837500
   -8.294   -8.166   -8.153   -8.120   -8.107   -3.805    0.071    2.922    4.151   10.348
   11.026   12.917   14.097   15.474   19.036   19.658   20.286   23.778   24.270   25.093
           -0.500000  0.150000  0.850000
   -8.295   -8.166   -8.152   -8.121   -8.107   -3.774    0.062    2.891    4.066   10.429
   11.080   12.821   13.958   15.692   19.081   19.671   20.513   23.685   24.248   25.119
           -0.500000  0.137500  0.862500
   -8.296   -8.165   -8.152   -8.121   -8.107   -3.743    0.050    2.870    3.983   10.510
   11.138   12.722   13.819   15.919   19.121   19.684   20.737   23.531   24.261   25.141
           -0.500000  0.125000  0.875000
   -8.296   -8.165   -8.151   -8.121   -8.107   -3.714    0.038    2.857    3.900   10.590
   11.200   12.622   13.682   16.152   19.156   19.699   20.948   23.359   24.278   25.157
           -0.500000  0.112500  0.887500
   -8.297   -8.164   -8.150   -8.122   -8.106   -3.687    0.024    2.853    3.818   10.670
   11.265   12.524   13.547   16.386   19.185   19.718   21.134   23.198   24.291   25.165
           -0.500000  0.100000  0.900000
   -8.297   -8.164   -8.150   -8.122   -8.106   -3.661    0.009    2.857    3.737   10.750
   11.330   12.428   13.417   16.619   19.205   19.743   21.277   23.076   24.299   25.162
           -0.500000  0.087500  0.912500
   -8.298   -8.164   -8.149   -8.122   -8.106   -3.638   -0.005    2.869    3.658   10.830
   11.393   12.338   13.290   16.849   19.216   19.775   21.351   23.019   24.303   25.150
           -0.500000  0.075000  0.925000
   -8.298   -8.164   -8.149   -8.123   -8.106   -3.617   -0.019    2.889    3.581   10.911
   11.451   12.257   13.169   17.071   19.217   19.818   21.344   23.044   24.309   25.129
           -0.500000  0.062500  0.937500
   -8.299   -8.163   -8.148   -8.123   -8.106   -3.599   -0.032    2.914    3.507   10.992
   11.498   12.189   13.053   17.281   19.208   19.870   21.263   23.144   24.320   25.103
           -0.500000  0.050000  0.950000
   -8.299   -8.163   -8.148   -8.123   -8.106   -3.584   -0.044    2.945    3.437   11.073
   11.526   12.141   12.947   17.473   19.190   19.934   21.135   23.289   24.344   25.073
           -0.500000  0.037500  0.962500
   -8.299   -8.163   -8.148   -8.123   -8.106   -3.572   -0.053    2.981    3.371   11.154
   11.527   12.118   12.852   17.640   19.166   20.008   20.986   23.446   24.388   25.034
           -0.500000  0.025000  0.975000
   -8.299   -8.163   -8.148   -8.123   -8.106   -3.563   -0.060    3.018    3.312   11.234
   11.500   12.118   12.773   17.772   19.141   20.088   20.841   23.583   24.467   24.976
           -0.500000  0.012500  0.987500
   -8.299   -8.163   -8.147   -8.123   -8.106   -3.558   -0.064    3.051    3.266   11.312
   11.450   12.128   12.720   17.858   19.122   20.160   20.724   23.674   24.587   24.880
           -0.500000  0.000000  1.000000
   -8.300   -8.163   -8.147   -8.123   -8.106   -3.556   -0.065    3.066    3.247   11.382
   11.389   12.134   12.701   17.888   19.114   20.193   20.675   23.705   24.716   24.760
           -0.506250  0.000000  0.993750
   -8.300   -8.163   -8.147   -8.123   -8.106   -3.556   -0.065    3.064    3.250   11.351
   11.408   12.141   12.707   17.884   19.115   20.189   20.682   23.702   24.679   24.796
           -0.512500  0.000000  0.987500
   -8.300   -8.163   -8.147   -8.123   -8.106   -3.557   -0.065    3.059    3.259   11.299
   11.426   12.162   12.724   17.873   19.118   20.176   20.701   23.692   24.624   24.849
           -0.518750  0.000000  0.981250
   -8.300   -8.163   -8.147   -8.123   -8.106   -3.558   -0.065    3.050    3.272   11.231
   11.440   12.195   12.751   17.854   19.121   20.157   20.730   23.678   24.567   24.904
           -0.525000  0.000000  0.975000
   -8.300   -8.163   -8.148   -8.123   -8.106   -3.559   -0.064    3.040    3.290   11.152
   11.451   12.239   12.785   17.828   19.123   20.135   20.768   23.659   24.509   24.961
           -0.531250  0.000000  0.968750
   -8.300   -8.163   -8.148   -8.123   -8.106   -3.561   -0.064    3.027    3.312   11.065
   11.458   12.290   12.825   17.795   19.124   20.114   20.813   23.637   24.450   25.020
           -0.537500  0.000000  0.962500
   -8.300   -8.163   -8.148   -8.124   -8.106   -3.564   -0.063    3.014    3.337   10.972
   11.464   12.347   12.870   17.756   19.121   20.095   20.862   23.612   24.391   25.080
           -0.543750  0.000000  0.956250
   -8.300   -8.163   -8.148   -8.124   -8.106   -3.566   -0.063    3.000    3.364   10.875
   11.466   12.409   12.920   17.712   19.112   20.082   20.915   23.586   24.332   25.142
           -0.550000  0.000000  0.950000
   -8.300   -8.162   -8.148   -8.124   -8.106   -3.569   -0.062    2.985    3.393   10.775
   11.467   12.474   12.974   17.664   19.097   20.075   20.971   23.558   24.274   25.205
           -0.556250  0.000000  0.943750
   -8.300   -8.162   -8.148   -8.124   -8.106   -3.572   -0.062    2.971    3.425   10.674
   11.467   12.541   13.031   17.611   19.073   20.077   21.029   23.531   24.218   25.268
           -0.562500  0.000000  0.937500
   -8.300   -8.162   -8.148   -8.124   -8.106   -3.575   -0.061    2.957    3.458   10.572
   11.465   12.611   13.091   17.554   19.042   20.086   21.089   23.503   24.163   25.332
           -0.568750  0.000000  0.931250
   -8.300   -8.162   -8.148   -8.124   -8.105   -3.578   -0.061    2.943    3.492   10.470
   11.461   12.683   13.153   17.495   19.003   20.104   21.149   23.476   24.109   25.396
           -0.575000  0.000000  0.925000
   -8.300   -8.162   -8.148   -8.124   -8.105   -3.582   -0.060    2.929    3.528   10.368
   11.457   12.757   13.217   17.432   18.957   20.128   21.211   23.449   24.058   25.458
           -0.581250  0.000000  0.918750
   -8.300   -8.162   -8.148   -8.124   -8.105   -3.586   -0.060    2.915    3.565   10.267
   11.453   12.831   13.282   17.366   18.904   20.159   21.274   23.423   24.009   25.519
           -0.587500  0.000000  0.912500
   -8.300   -8.162   -8.148   -8.124   -8.105   -3.589   -0.060    2.901    3.603   10.166
   11.447   12.907   13.349   17.299   18.846   20.196   21.336   23.399   23.963   25.576
           -0.593750  0.000000  0.906250
   -8.300   -8.162   -8.148   -8.124   -8.105   -3.593   -0.060    2.888    3.642   10.067
   11.442   12.984   13.417   17.229   18.784   20.236   21.400   23.375   23.919   25.627
           -0.600000  0.000000  0.900000
   -8.300   -8.161   -8.148   -8.124   -8.105   -3.597   -0.060    2.876    3.682    9.969
   11.436   13.062   13.486   17.158   18.718   20.279   21.463   23.353   23.878   25.668
           -0.606250  0.000000  0.893750
   -8.300   -8.161   -8.148   -8.125   -8.105   -3.601   -0.060    2.864    3.723    9.873
   11.429   13.140   13.556   17.085   18.650   20.325   21.526   23.332   23.839   25.692
           -0.612500  0.000000  0.887500
   -8.300   -8.161   -8.148   -8.125   -8.105   -3.605   -0.060    2.852    3.764    9.778
   11.423   13.220   13.625   17.010   18.579   20.373   21.589   23.313   23.804   25.691
           -0.618750  0.000000  0.881250
   -8.300   -8.161   -8.148   -8.125   -8.105   -3.609   -0.060    2.841    3.805    9.685
   11.417   13.300   13.696   16.934   18.507   20.422   21.651   23.295   23.771   25.662
           -0.625000  0.000000  0.875000
   -8.300   -8.161   -8.149   -8.125   -8.105   -3.612   -0.060    2.830    3.846    9.595
   11.410   13.380   13.766   16.857   18.434   20.471   21.713   23.278   23.742   25.615
           -0.631250  0.000000  0.868750
   -8.300   -8.160   -8.149   -8.125   -8.104   -3.616   -0.060    2.819    3.888    9.507
   11.404   13.461   13.836   16.779   18.360   20.520   21.773   23.263   23.716   25.559
           -0.637500  0.000000  0.862500
   -8.300   -8.160   -8.149   -8.125   -8.104   -3.620   -0.060    2.810    3.929    9.422
   11.398   13.543   13.906   16.700   18.286   20.569   21.833   23.250   23.694   25.498
           -0.643750  0.000000  0.856250
   -8.301   -8.160   -8.149   -8.125   -8.104   -3.623   -0.061    2.800    3.970    9.339
   11.392   13.625   13.975   16.621   18.213   20.618   21.892   23.238   23.674   25.435
           -0.650000  0.000000  0.850000
   -8.301   -8.160   -8.149   -8.125   -8.104   -3.627   -0.061    2.791    4.010    9.259
   11.386   13.707   14.043   16.540   18.139   20.665   21.949   23.228   23.657   25.371
           -0.656250  0.000000  0.843750
   -8.301   -8.160   -8.149   -8.126   -8.104   -3.630   -0.061    2.783    4.050    9.183
   11.380   13.789   14.110   16.459   18.067   20.710   22.005   23.219   23.643   25.309
           -0.662500  0.000000  0.837500
   -8.301   -8.159   -8.149   -8.126   -8.104   -3.633   -0.062    2.775    4.089    9.110
   11.375   13.872   14.176   16.378   17.997   20.754   22.058   23.213   23.632   25.248
           -0.668750  0.000000  0.831250
   -8.301   -8.159   -8.149   -8.126   -8.104   -3.636   -0.062    2.768    4.126    9.040
   11.370   13.954   14.240   16.296   17.928   20.796   22.110   23.209   23.623   25.189
           -0.675000  0.000000  0.825000
   -8.301   -8.159   -8.149   -8.126   -8.104   -3.639   -0.062    2.761    4.162    8.974
   11.365   14.037   14.302   16.214   17.861   20.836   22.159   23.208   23.615   25.133
           -0.681250  0.000000  0.818750
   -8.301   -8.159   -8.149   -8.126   -8.104   -3.641   -0.063    2.755    4.196    8.913
   11.361   14.119   14.362   16.132   17.797   20.873   22.205   23.209   23.608   25.081
           -0.687500  0.000000  0.812500
   -8.301   -8.159   -8.150   -8.126   -8.104   -3.644   -0.063    2.749    4.229    8.856
   11.357   14.201   14.419   16.050   17.736   20.907   22.248   23.213   23.602   25.034
           -0.693750  0.000000  0.806250
   -8.301   -8.159   -8.150   -8.126   -8.104   -3.646   -0.064    2.744    4.259    8.803
   11.353   14.282   14.473   15.968   17.679   20.939   22.287   23.221   23.595   24.992
           -0.700000  0.000000  0.800000
   -8.301   -8.158   -8.150   -8.126   -8.104   -3.648   -0.064    2.739    4.287    8.755
   11.349   14.362   14.524   15.888   17.625   20.968   22.323   23.232   23.587   24.956
           -0.706250  0.000000  0.793750
   -8.301   -8.158   -8.150   -8.126   -8.103   -3.650   -0.064    2.735    4.312    8.712
   11.346   14.439   14.572   15.808   17.576   20.993   22.354   23.246   23.577   24.927
           -0.712500  0.000000  0.787500
   -8.301   -8.158   -8.150   -8.126   -8.103   -3.651   -0.065    2.731    4.334    8.674
   11.344   14.513   14.617   15.730   17.532   21.016   22.382   23.263   23.565   24.905
           -0.718750  0.000000  0.781250
   -8.301   -8.158   -8.150   -8.126   -8.103   -3.653   -0.065    2.728    4.353    8.642
   11.342   14.579   14.662   15.655   17.494   21.035   22.405   23.284   23.550   24.892
           -0.725000  0.000000  0.775000
   -8.301   -8.158   -8.150   -8.126   -8.103   -3.654   -0.065    2.726    4.369    8.615
   11.340   14.633   14.710   15.584   17.462   21.051   22.423   23.307   23.533   24.886
           -0.731250  0.000000  0.768750
   -8.301   -8.158   -8.150   -8.126   -8.103   -3.655   -0.065    2.724    4.382    8.594
   11.338   14.669   14.761   15.520   17.437   21.063   22.438   23.331   23.513   24.887
           -0.737500  0.000000  0.762500
   -8.301   -8.158   -8.150   -8.126   -8.103   -3.655   -0.065    2.723    4.391    8.579
   11.337   14.693   14.808   15.467   17.418   21.072   22.448   23.356   23.492   24.894
           -0.743750  0.000000  0.756250
   -8.301   -8.158   -8.150   -8.126   -8.103   -3.656   -0.065    2.722    4.397    8.570
   11.337   14.706   14.842   15.430   17.407   21.077   22.454   23.377   23.473   24.903
           -0.750000  0.000000  0.750000
   -8.301   -8.158   -8.150   -8.126   -8.103   -3.656   -0.065    2.721    4.399    8.567
   11.336   14.710   14.855   15.417   17.403   21.079   22.456   23.387   23.464   24.909
           -0.731250  0.000000  0.731250
   -8.300   -8.159   -8.151   -8.125   -8.104   -3.680   -0.034    2.668    4.463    8.630
   11.676   14.562   14.646   15.169   17.186   21.159   22.269   23.325   23.636   25.075
           -0.712500  0.000000  0.712500
   -8.298   -8.160   -8.152   -8.124   -8.105   -3.711    0.002    2.630    4.531    8.695
   12.001   14.440   14.443   14.925   16.976   21.198   22.066   23.220   23.883   25.201
           -0.693750  0.000000  0.693750
   -8.297   -8.162   -8.153   -8.122   -8.106   -3.749    0.044    2.609    4.602    8.763
   12.295   14.237   14.366   14.689   16.772   21.191   21.858   23.151   24.126   25.258
           -0.675000  0.000000  0.675000
   -8.295   -8.163   -8.155   -8.121   -8.107   -3.794    0.091    2.605    4.677    8.832
   12.533   14.037   14.337   14.479   16.575   21.138   21.647   23.110   24.366   25.234
           -0.656250  0.000000  0.656250
   -8.293   -8.164   -8.156   -8.119   -8.108   -3.847    0.146    2.617    4.754    8.903
   12.691   13.841   14.193   14.483   16.386   21.045   21.437   23.080   24.602   25.141
           -0.637500  0.000000  0.637500
   -8.292   -8.165   -8.157   -8.118   -8.108   -3.907    0.208    2.644    4.834    8.974
   12.759   13.650   13.977   14.667   16.205   20.922   21.230   23.035   24.835   25.017
           -0.618750  0.000000  0.618750
   -8.290   -8.166   -8.159   -8.117   -8.109   -3.974    0.279    2.686    4.917    9.045
   12.757   13.464   13.760   14.940   16.032   20.778   21.027   22.945   24.906   25.066
           -0.600000  0.000000  0.600000
   -8.288   -8.167   -8.160   -8.116   -8.110   -4.047    0.359    2.741    5.001    9.115
   12.711   13.282   13.547   15.269   15.869   20.618   20.830   22.791   24.844   25.294
           -0.581250  0.000000  0.581250
   -8.286   -8.168   -8.162   -8.114   -8.111   -4.127    0.449    2.810    5.088    9.182
   12.644   13.105   13.340   15.627   15.714   20.446   20.645   22.570   24.845   25.519
           -0.562500  0.000000  0.562500
   -8.284   -8.169   -8.163   -8.113   -8.111   -4.212    0.549    2.890    5.175    9.245
   12.568   12.934   13.140   15.570   15.997   20.259   20.480   22.297   24.895   25.744
           -0.543750  0.000000  0.543750
   -8.282   -8.169   -8.165   -8.113   -8.112   -4.301    0.659    2.982    5.264    9.303
   12.491   12.768   12.947   15.436   16.365   20.056   20.344   21.993   24.960   25.616
           -0.525000  0.000000  0.525000
   -8.280   -8.170   -8.166   -8.112   -8.112   -4.393    0.778    3.084    5.353    9.355
   12.418   12.608   12.764   15.312   16.716   19.839   20.243   21.677   24.900   25.378
           -0.506250  0.000000  0.506250
   -8.278   -8.171   -8.168   -8.113   -8.111   -4.489    0.907    3.195    5.443    9.398
   12.347   12.453   12.594   15.200   17.032   19.607   20.191   21.364   24.573   25.429
           -0.487500  0.000000  0.487500
   -8.275   -8.171   -8.169   -8.113   -8.110   -4.586    1.046    3.315    5.531    9.432
   12.267   12.304   12.453   15.100   17.291   19.363   20.201   21.065   24.170   25.580
           -0.468750  0.000000  0.468750
   -8.273   -8.172   -8.171   -8.114   -8.110   -4.685    1.194    3.443    5.620    9.455
   12.152   12.160   12.365   15.012   17.471   19.108   20.285   20.792   23.758   25.758
           -0.450000  0.000000  0.450000
   -8.270   -8.173   -8.173   -8.114   -8.109   -4.783    1.352    3.579    5.707    9.466
   12.011   12.023   12.324   14.937   17.559   18.846   20.387   20.612   23.357   25.949
           -0.431250  0.000000  0.431250
   -8.267   -8.174   -8.174   -8.114   -8.109   -4.882    1.518    3.721    5.792    9.466
   11.864   11.891   12.309   14.874   17.555   18.584   20.242   20.778   22.978   26.146
           -0.412500  0.000000  0.412500
   -8.264   -8.176   -8.174   -8.114   -8.109   -4.980    1.692    3.870    5.875    9.455
   11.719   11.765   12.309   14.826   17.473   18.329   20.040   21.060   22.645   26.093
           -0.393750  0.000000  0.393750
   -8.260   -8.177   -8.175   -8.115   -8.109   -5.077    1.875    4.024    5.955    9.433
   11.580   11.644   12.319   14.792   17.327   18.090   19.850   21.301   22.429   25.660
           -0.375000  0.000000  0.375000
   -8.257   -8.179   -8.176   -8.115   -8.109   -5.171    2.066    4.182    6.033    9.401
   11.447   11.530   12.334   14.772   17.136   17.868   19.677   21.325   22.487   25.220
           -0.356250  0.000000  0.356250
   -8.253   -8.180   -8.177   -8.115   -8.109   -5.264    2.264    4.345    6.107    9.361
   11.321   11.421   12.348   14.767   16.921   17.659   19.518   21.127   22.812   24.780
           -0.337500  0.000000  0.337500
   -8.249   -8.181   -8.178   -8.115   -8.109   -5.353    2.469    4.512    6.177    9.312
   11.202   11.318   12.356   14.777   16.701   17.455   19.373   20.853   23.254   24.343
           -0.318750  0.000000  0.318750
   -8.245   -8.183   -8.179   -8.114   -8.109   -5.440    2.682    4.680    6.244    9.258
   11.091   11.220   12.351   14.803   16.493   17.253   19.240   20.567   23.746   23.911
           -0.300000  0.000000  0.300000
   -8.241   -8.184   -8.180   -8.114   -8.109   -5.523    2.901    4.851    6.306    9.197
   10.987   11.128   12.325   14.845   16.310   17.049   19.119   20.289   23.485   24.265
           -0.281250  0.000000  0.281250
   -8.237   -8.185   -8.182   -8.114   -8.109   -5.602    3.127    5.023    6.364    9.132
   10.892   11.042   12.275   14.902   16.158   16.842   19.007   20.028   23.066   24.802
           -0.262500  0.000000  0.262500
   -8.233   -8.187   -8.183   -8.114   -8.110   -5.678    3.359    5.194    6.417    9.061
   10.806   10.962   12.194   14.975   16.044   16.634   18.905   19.785   22.655   24.848
           -0.243750  0.000000  0.243750
   -8.229   -8.188   -8.184   -8.114   -8.110   -5.749    3.596    5.364    6.466    8.986
   10.728   10.887   12.084   15.063   15.962   16.434   18.812   19.564   22.251   24.459
           -0.225000  0.000000  0.225000
   -8.225   -8.189   -8.185   -8.114   -8.110   -5.815    3.839    5.531    6.510    8.905
   10.659   10.817   11.946   15.167   15.891   16.263   18.728   19.365   21.856   24.078
           -0.206250  0.000000  0.206250
   -8.221   -8.190   -8.187   -8.113   -8.110   -5.877    4.087    5.695    6.550    8.818
   10.598   10.754   11.785   15.286   15.779   16.170   18.652   19.187   21.470   23.707
           -0.187500  0.000000  0.187500
   -8.217   -8.191   -8.188   -8.113   -8.110   -5.935    4.339    5.852    6.586    8.723
   10.547   10.695   11.609   15.419   15.606   16.173   18.585   19.029   21.093   23.349
           -0.168750  0.000000  0.168750
   -8.214   -8.192   -8.189   -8.113   -8.111   -5.987    4.596    6.002    6.617    8.618
   10.506   10.643   11.425   15.407   15.566   16.234   18.526   18.891   20.726   23.004
           -0.150000  0.000000  0.150000
   -8.210   -8.192   -8.190   -8.113   -8.111   -6.034    4.855    6.144    6.645    8.503
   10.473   10.596   11.241   15.203   15.726   16.326   18.476   18.771   20.369   22.675
           -0.131250  0.000000  0.131250
   -8.207   -8.193   -8.192   -8.112   -8.111   -6.076    5.117    6.274    6.668    8.374
   10.448   10.554   11.064   15.007   15.898   16.436   18.434   18.668   20.024   22.366
           -0.112500  0.000000  0.112500
   -8.204   -8.194   -8.193   -8.112   -8.111   -6.112    5.381    6.391    6.688    8.229
   10.431   10.518   10.901   14.823   16.080   16.553   18.401   18.581   19.693   22.079
           -0.093750  0.000000  0.093750
   -8.202   -8.194   -8.193   -8.112   -8.111   -6.144    5.644    6.494    6.704    8.068
   10.421   10.488   10.758   14.657   16.270   16.671   18.377   18.509   19.377   21.819
           -0.075000  0.000000  0.075000
   -8.199   -8.195   -8.194   -8.112   -8.111   -6.169    5.906    6.581    6.718    7.891
   10.417   10.463   10.637   14.513   16.464   16.781   18.362   18.451   19.080   21.592
           -0.056250  0.000000  0.056250
   -8.198   -8.195   -8.195   -8.112   -8.111   -6.189    6.164    6.650    6.728    7.699
   10.415   10.443   10.541   14.396   16.655   16.876   18.353   18.407   18.809   21.403
           -0.037500  0.000000  0.037500
   -8.197   -8.195   -8.195   -8.112   -8.111   -6.203    6.411    6.700    6.735    7.498
   10.416   10.429   10.473   14.310   16.829   16.949   18.351   18.376   18.579   21.261
           -0.018750  0.000000  0.018750
   -8.196   -8.195   -8.195   -8.112   -8.112   -6.212    6.629    6.730    6.739    7.308
   10.418   10.421   10.432   14.256   16.960   16.995   18.350   18.357   18.413   21.172
            0.000000  0.000000  0.000000
   -8.196   -8.196   -8.196   -8.112   -8.112   -6.215    6.741    6.741    6.741    7.205
   10.418   10.418   10.418   14.239   17.011   17.011   18.351   18.351   18.351   21.142
