 &plot nbnd=  10, nks=   201 /
            0.000000  0.000000  1.000000
   -5.313   -1.786    2.426    2.426    6.532    6.838   15.638   15.638   16.731   18.880
            0.000000  0.000000  0.975000
   -5.320   -1.775    2.429    2.429    6.530    6.848   15.616   15.616   16.710   18.906
            0.000000  0.000000  0.950000
   -5.343   -1.742    2.436    2.436    6.525    6.875   15.552   15.552   16.651   18.979
            0.000000  0.000000  0.925000
   -5.380   -1.687    2.450    2.450    6.521    6.917   15.451   15.451   16.556   19.097
            0.000000  0.000000  0.900000
   -5.429   -1.614    2.468    2.468    6.518    6.973   15.319   15.319   16.430   19.104
            0.000000  0.000000  0.875000
   -5.490   -1.522    2.491    2.491    6.518    7.039   15.163   15.163   16.278   18.931
            0.000000  0.000000  0.850000
   -5.560   -1.413    2.520    2.520    6.524    7.115   14.990   14.990   16.105   18.752
            0.000000  0.000000  0.825000
   -5.637   -1.291    2.554    2.554    6.535    7.201   14.803   14.803   15.915   18.573
            0.000000  0.000000  0.800000
   -5.721   -1.155    2.593    2.593    6.552    7.294   14.606   14.606   15.712   18.394
            0.000000  0.000000  0.775000
   -5.809   -1.008    2.637    2.637    6.575    7.396   14.401   14.401   15.498   18.219
            0.000000  0.000000  0.750000
   -5.900   -0.851    2.686    2.686    6.604    7.505   14.192   14.192   15.276   18.046
            0.000000  0.000000  0.725000
   -5.993   -0.686    2.739    2.739    6.639    7.621   13.979   13.979   15.047   17.878
            0.000000  0.000000  0.700000
   -6.087   -0.513    2.798    2.798    6.680    7.743   13.763   13.763   14.814   17.714
            0.000000  0.000000  0.675000
   -6.182   -0.333    2.862    2.862    6.728    7.870   13.546   13.546   14.579   17.555
            0.000000  0.000000  0.650000
   -6.276   -0.147    2.930    2.930    6.781    8.002   13.327   13.327   14.343   17.402
            0.000000  0.000000  0.625000
   -6.370    0.045    3.002    3.002    6.840    8.137   13.108   13.108   14.109   17.253
            0.000000  0.000000  0.600000
   -6.462    0.241    3.080    3.080    6.906    8.274   12.890   12.890   13.879   17.110
            0.000000  0.000000  0.575000
   -6.551    0.442    3.161    3.161    6.976    8.410   12.671   12.671   13.655   16.972
            0.000000  0.000000  0.550000
   -6.639    0.647    3.246    3.246    7.052    8.544   12.453   12.453   13.441   16.840
            0.000000  0.000000  0.525000
   -6.724    0.855    3.336    3.336    7.134    8.671   12.237   12.237   13.241   16.714
            0.000000  0.000000  0.500000
   -6.806    1.066    3.429    3.429    7.220    8.788   12.022   12.022   13.058   16.593
            0.000000  0.000000  0.475000
   -6.885    1.280    3.526    3.526    7.311    8.889   11.808   11.808   12.901   16.478
            0.000000  0.000000  0.450000
   -6.961    1.497    3.626    3.626    7.406    8.967   11.597   11.597   12.773   16.369
            0.000000  0.000000  0.425000
   -7.033    1.717    3.728    3.728    7.504    9.017   11.388   11.388   12.683   16.265
            0.000000  0.000000  0.400000
   -7.102    1.938    3.834    3.834    7.606    9.034   11.182   11.182   12.636   16.168
            0.000000  0.000000  0.375000
   -7.167    2.162    3.941    3.941    7.710    9.012   10.979   10.979   12.637   16.008
            0.000000  0.000000  0.350000
   -7.228    2.388    4.050    4.050    7.815    8.953   10.781   10.781   12.685   15.759
            0.000000  0.000000  0.325000
   -7.286    2.615    4.160    4.160    7.920    8.861   10.587   10.587   12.778   15.514
            0.000000  0.000000  0.300000
   -7.339    2.843    4.270    4.270    8.019    8.742   10.399   10.399   12.912   15.277
            0.000000  0.000000  0.275000
   -7.388    3.072    4.380    4.380    8.101    8.614   10.217   10.217   13.079   15.048
            0.000000  0.000000  0.250000
   -7.433    3.302    4.488    4.488    8.131    8.518   10.043   10.043   13.274   14.830
            0.000000  0.000000  0.225000
   -7.474    3.532    4.594    4.594    8.051    8.514    9.877    9.877   13.489   14.626
            0.000000  0.000000  0.200000
   -7.511    3.762    4.696    4.696    7.888    8.579    9.721    9.721   13.713   14.442
            0.000000  0.000000  0.175000
   -7.544    3.990    4.792    4.792    7.694    8.663    9.576    9.576   13.918   14.306
            0.000000  0.000000  0.150000
   -7.572    4.215    4.882    4.882    7.488    8.750    9.445    9.445   13.971   14.345
            0.000000  0.000000  0.125000
   -7.596    4.434    4.963    4.963    7.279    8.831    9.329    9.329   13.873   14.556
            0.000000  0.000000  0.100000
   -7.615    4.645    5.032    5.032    7.075    8.903    9.230    9.230   13.763   14.794
            0.000000  0.000000  0.075000
   -7.631    4.839    5.089    5.089    6.884    8.963    9.151    9.151   13.669   15.022
            0.000000  0.000000  0.050000
   -7.642    5.005    5.132    5.132    6.719    9.007    9.092    9.092   13.599   15.219
            0.000000  0.000000  0.025000
   -7.648    5.123    5.158    5.158    6.602    9.035    9.057    9.057   13.556   15.357
            0.000000  0.000000  0.000000
   -7.650    5.167    5.167    5.167    6.559    9.044    9.044    9.044   13.541   15.408
           -0.012500  0.012500  0.012500
   -7.649    5.126    5.164    5.164    6.591    9.047    9.049    9.049   13.552   15.390
           -0.025000  0.025000  0.025000
   -7.644    5.015    5.156    5.156    6.678    9.055    9.061    9.061   13.585   15.338
           -0.037500  0.037500  0.037500
   -7.636    4.854    5.142    5.142    6.797    9.071    9.082    9.082   13.638   15.261
           -0.050000  0.050000  0.050000
   -7.624    4.663    5.124    5.124    6.927    9.098    9.111    9.111   13.712   15.166
           -0.062500  0.062500  0.062500
   -7.609    4.451    5.101    5.101    7.054    9.138    9.147    9.147   13.803   15.062
           -0.075000  0.075000  0.075000
   -7.592    4.228    5.073    5.073    7.169    9.189    9.189    9.196   13.910   14.953
           -0.087500  0.087500  0.087500
   -7.570    3.996    5.042    5.042    7.264    9.237    9.237    9.276   14.029   14.845
           -0.100000  0.100000  0.100000
   -7.546    3.760    5.007    5.007    7.336    9.289    9.289    9.378   14.158   14.739
           -0.112500  0.112500  0.112500
   -7.519    3.521    4.969    4.969    7.384    9.346    9.346    9.504   14.292   14.640
           -0.125000  0.125000  0.125000
   -7.488    3.280    4.930    4.930    7.411    9.405    9.405    9.650   14.424   14.548
           -0.137500  0.137500  0.137500
   -7.454    3.038    4.888    4.888    7.418    9.466    9.466    9.814   14.465   14.465
           -0.150000  0.150000  0.150000
   -7.418    2.797    4.844    4.844    7.410    9.527    9.527    9.993   14.392   14.392
           -0.162500  0.162500  0.162500
   -7.378    2.558    4.800    4.800    7.390    9.588    9.588   10.183   14.332   14.332
           -0.175000  0.175000  0.175000
   -7.336    2.319    4.755    4.755    7.361    9.647    9.647   10.381   14.284   14.284
           -0.187500  0.187500  0.187500
   -7.290    2.083    4.709    4.709    7.325    9.703    9.703   10.585   14.250   14.250
           -0.200000  0.200000  0.200000
   -7.242    1.850    4.664    4.664    7.284    9.755    9.755   10.794   14.232   14.232
           -0.212500  0.212500  0.212500
   -7.192    1.620    4.619    4.619    7.240    9.802    9.802   11.005   14.229   14.229
           -0.225000  0.225000  0.225000
   -7.139    1.394    4.575    4.575    7.194    9.844    9.844   11.217   14.242   14.242
           -0.237500  0.237500  0.237500
   -7.083    1.171    4.531    4.531    7.147    9.880    9.880   11.429   14.272   14.272
           -0.250000  0.250000  0.250000
   -7.026    0.953    4.488    4.488    7.100    9.910    9.910   11.639   14.319   14.319
           -0.262500  0.262500  0.262500
   -6.966    0.740    4.447    4.447    7.053    9.933    9.933   11.845   14.382   14.382
           -0.275000  0.275000  0.275000
   -6.905    0.532    4.407    4.407    7.007    9.951    9.951   12.046   14.462   14.462
           -0.287500  0.287500  0.287500
   -6.842    0.330    4.368    4.368    6.962    9.962    9.962   12.239   14.508   14.558
           -0.300000  0.300000  0.300000
   -6.778    0.133    4.332    4.332    6.919    9.968    9.968   12.421   14.489   14.670
           -0.312500  0.312500  0.312500
   -6.714   -0.057    4.296    4.296    6.877    9.970    9.970   12.588   14.487   14.796
           -0.325000  0.325000  0.325000
   -6.648   -0.239    4.263    4.263    6.838    9.968    9.968   12.735   14.508   14.936
           -0.337500  0.337500  0.337500
   -6.583   -0.415    4.232    4.232    6.801    9.962    9.962   12.859   14.555   15.089
           -0.350000  0.350000  0.350000
   -6.518   -0.582    4.203    4.203    6.766    9.954    9.954   12.958   14.630   15.254
           -0.362500  0.362500  0.362500
   -6.454   -0.740    4.176    4.176    6.734    9.943    9.943   13.031   14.734   15.430
           -0.375000  0.375000  0.375000
   -6.392   -0.888    4.151    4.151    6.704    9.932    9.932   13.081   14.862   15.616
           -0.387500  0.387500  0.387500
   -6.332   -1.027    4.128    4.128    6.677    9.920    9.920   13.113   15.010   15.812
           -0.400000  0.400000  0.400000
   -6.275   -1.154    4.108    4.108    6.652    9.908    9.908   13.131   15.172   16.016
           -0.412500  0.412500  0.412500
   -6.221   -1.269    4.090    4.090    6.631    9.896    9.896   13.139   15.341   16.227
           -0.425000  0.425000  0.425000
   -6.173   -1.372    4.074    4.074    6.612    9.885    9.885   13.141   15.512   16.444
           -0.437500  0.437500  0.437500
   -6.130   -1.460    4.061    4.061    6.596    9.875    9.875   13.139   15.679   16.666
           -0.450000  0.450000  0.450000
   -6.093   -1.534    4.050    4.050    6.583    9.867    9.867   13.135   15.835   16.888
           -0.462500  0.462500  0.462500
   -6.064   -1.593    4.042    4.042    6.573    9.860    9.860   13.132   15.973   17.106
           -0.475000  0.475000  0.475000
   -6.042   -1.635    4.035    4.035    6.565    9.855    9.855   13.128   16.082   17.309
           -0.487500  0.487500  0.487500
   -6.029   -1.661    4.032    4.032    6.561    9.852    9.852   13.126   16.153   17.469
           -0.500000  0.500000  0.500000
   -6.025   -1.670    4.031    4.031    6.560    9.851    9.851   13.125   16.178   17.534
           -0.500000  0.487500  0.512500
   -6.024   -1.669    4.016    4.028    6.574    9.846    9.856   13.132   16.168   17.513
           -0.500000  0.475000  0.525000
   -6.021   -1.667    3.974    4.022    6.616    9.833    9.871   13.152   16.137   17.449
           -0.500000  0.462500  0.537500
   -6.017   -1.663    3.908    4.010    6.682    9.812    9.896   13.184   16.088   17.347
           -0.500000  0.450000  0.550000
   -6.010   -1.658    3.820    3.995    6.769    9.785    9.931   13.226   16.020   17.222
           -0.500000  0.437500  0.562500
   -6.002   -1.652    3.716    3.975    6.872    9.751    9.977   13.275   15.938   17.087
           -0.500000  0.425000  0.575000
   -5.993   -1.644    3.600    3.950    6.986    9.713   10.034   13.329   15.843   16.952
           -0.500000  0.412500  0.587500
   -5.981   -1.635    3.474    3.921    7.109    9.673   10.102   13.384   15.738   16.824
           -0.500000  0.400000  0.600000
   -5.968   -1.625    3.342    3.887    7.236    9.630   10.182   13.435   15.624   16.709
           -0.500000  0.387500  0.612500
   -5.953   -1.613    3.206    3.849    7.365    9.588   10.273   13.479   15.503   16.614
           -0.500000  0.375000  0.625000
   -5.937   -1.601    3.067    3.807    7.494    9.547   10.376   13.511   15.375   16.542
           -0.500000  0.362500  0.637500
   -5.919   -1.588    2.928    3.760    7.621    9.508   10.491   13.528   15.241   16.498
           -0.500000  0.350000  0.650000
   -5.899   -1.575    2.789    3.710    7.745    9.473   10.618   13.528   15.101   16.485
           -0.500000  0.337500  0.662500
   -5.878   -1.560    2.652    3.655    7.866    9.441   10.756   13.510   14.956   16.503
           -0.500000  0.325000  0.675000
   -5.856   -1.546    2.518    3.596    7.982    9.414   10.904   13.474   14.806   16.550
           -0.500000  0.312500  0.687500
   -5.832   -1.531    2.387    3.534    8.094    9.392   11.060   13.424   14.653   16.624
           -0.500000  0.300000  0.700000
   -5.807   -1.517    2.260    3.468    8.201    9.375   11.224   13.363   14.497   16.718
           -0.500000  0.287500  0.712500
   -5.781   -1.503    2.138    3.398    8.303    9.366   11.392   13.295   14.339   16.828
           -0.500000  0.275000  0.725000
   -5.754   -1.489    2.021    3.326    8.401    9.362   11.559   13.227   14.181   16.945
           -0.500000  0.262500  0.737500
   -5.726   -1.476    1.910    3.251    8.494    9.366   11.719   13.166   14.022   17.062
           -0.500000  0.250000  0.750000
   -5.698   -1.465    1.806    3.173    8.584    9.377   11.861   13.126   13.863   17.171
           -0.500000  0.237500  0.762500
   -5.669   -1.455    1.710    3.093    8.669    9.395   11.971   13.120   13.706   17.268
           -0.500000  0.225000  0.775000
   -5.639   -1.447    1.621    3.011    8.751    9.421   12.032   13.164   13.552   17.350
           -0.500000  0.212500  0.787500
   -5.609   -1.441    1.540    2.927    8.830    9.455   12.040   13.252   13.411   17.419
           -0.500000  0.200000  0.800000
   -5.579   -1.437    1.469    2.842    8.905    9.497   12.002   13.217   13.444   17.479
           -0.500000  0.187500  0.812500
   -5.548   -1.435    1.406    2.757    8.978    9.546   11.935   13.073   13.621   17.531
           -0.500000  0.175000  0.825000
   -5.519   -1.436    1.353    2.670    9.048    9.602   11.849   12.924   13.826   17.578
           -0.500000  0.162500  0.837500
   -5.489   -1.440    1.309    2.583    9.117    9.665   11.753   12.776   14.046   17.620
           -0.500000  0.150000  0.850000
   -5.461   -1.446    1.275    2.497    9.185    9.733   11.651   12.629   14.275   17.657
           -0.500000  0.137500  0.862500
   -5.433   -1.454    1.251    2.411    9.252    9.806   11.546   12.485   14.509   17.689
           -0.500000  0.125000  0.875000
   -5.407   -1.463    1.235    2.325    9.319    9.884   11.441   12.343   14.744   17.716
           -0.500000  0.112500  0.887500
   -5.382   -1.474    1.229    2.241    9.387    9.964   11.337   12.204   14.979   17.736
           -0.500000  0.100000  0.900000
   -5.359   -1.486    1.232    2.158    9.455   10.045   11.237   12.067   15.209   17.749
           -0.500000  0.087500  0.912500
   -5.337   -1.498    1.242    2.077    9.524   10.127   11.143   11.934   15.434   17.754
           -0.500000  0.075000  0.925000
   -5.318   -1.510    1.260    1.999    9.592   10.205   11.058   11.804   15.648   17.751
           -0.500000  0.062500  0.937500
   -5.302   -1.522    1.284    1.924    9.659   10.277   10.986   11.678   15.848   17.739
           -0.500000  0.050000  0.950000
   -5.288   -1.532    1.314    1.854    9.723   10.336   10.936   11.557   16.029   17.721
           -0.500000  0.037500  0.962500
   -5.277   -1.540    1.346    1.789    9.783   10.374   10.917   11.442   16.184   17.698
           -0.500000  0.025000  0.975000
   -5.269   -1.546    1.379    1.734    9.832   10.388   10.931   11.338   16.304   17.675
           -0.500000  0.012500  0.987500
   -5.264   -1.550    1.406    1.693    9.867   10.387   10.966   11.252   16.382   17.658
           -0.500000  0.000000  1.000000
   -5.263   -1.551    1.417    1.678    9.879   10.385   10.989   11.214   16.408   17.651
           -0.506250  0.000000  0.993750
   -5.263   -1.551    1.416    1.680    9.872   10.379   10.992   11.225   16.405   17.652
           -0.512500  0.000000  0.987500
   -5.264   -1.551    1.412    1.687    9.850   10.363   11.005   11.254   16.395   17.654
           -0.518750  0.000000  0.981250
   -5.265   -1.551    1.406    1.699    9.811   10.344   11.029   11.295   16.378   17.657
           -0.525000  0.000000  0.975000
   -5.266   -1.551    1.398    1.714    9.756   10.325   11.064   11.344   16.355   17.660
           -0.531250  0.000000  0.968750
   -5.268   -1.550    1.388    1.734    9.687   10.307   11.107   11.400   16.326   17.661
           -0.537500  0.000000  0.962500
   -5.270   -1.550    1.377    1.757    9.606   10.292   11.156   11.460   16.292   17.659
           -0.543750  0.000000  0.956250
   -5.272   -1.550    1.365    1.783    9.518   10.279   11.211   11.525   16.253   17.653
           -0.550000  0.000000  0.950000
   -5.274   -1.550    1.353    1.812    9.423   10.268   11.269   11.592   16.209   17.643
           -0.556250  0.000000  0.943750
   -5.277   -1.550    1.340    1.843    9.325   10.257   11.331   11.663   16.162   17.625
           -0.562500  0.000000  0.937500
   -5.280   -1.550    1.327    1.876    9.224   10.247   11.396   11.735   16.111   17.601
           -0.568750  0.000000  0.931250
   -5.283   -1.550    1.313    1.911    9.122   10.237   11.464   11.809   16.057   17.570
           -0.575000  0.000000  0.925000
   -5.286   -1.551    1.300    1.947    9.019   10.227   11.533   11.884   16.000   17.532
           -0.581250  0.000000  0.918750
   -5.289   -1.551    1.287    1.985    8.915   10.218   11.604   11.960   15.941   17.487
           -0.587500  0.000000  0.912500
   -5.293   -1.552    1.274    2.025    8.813   10.208   11.677   12.038   15.879   17.436
           -0.593750  0.000000  0.906250
   -5.296   -1.552    1.262    2.065    8.710   10.199   11.751   12.116   15.815   17.380
           -0.600000  0.000000  0.900000
   -5.300   -1.553    1.249    2.106    8.610   10.189   11.826   12.195   15.750   17.319
           -0.606250  0.000000  0.893750
   -5.303   -1.553    1.238    2.148    8.510   10.180   11.902   12.274   15.683   17.254
           -0.612500  0.000000  0.887500
   -5.306   -1.554    1.226    2.191    8.412   10.171   11.979   12.353   15.615   17.186
           -0.618750  0.000000  0.881250
   -5.310   -1.555    1.215    2.234    8.316   10.162   12.056   12.433   15.545   17.115
           -0.625000  0.000000  0.875000
   -5.313   -1.556    1.204    2.278    8.222   10.154   12.135   12.513   15.474   17.042
           -0.631250  0.000000  0.868750
   -5.317   -1.557    1.194    2.321    8.131   10.146   12.214   12.592   15.402   16.968
           -0.637500  0.000000  0.862500
   -5.320   -1.558    1.184    2.364    8.042   10.138   12.293   12.671   15.329   16.892
           -0.643750  0.000000  0.856250
   -5.323   -1.559    1.175    2.407    7.956   10.130   12.373   12.749   15.255   16.816
           -0.650000  0.000000  0.850000
   -5.326   -1.560    1.166    2.450    7.873   10.123   12.453   12.827   15.180   16.739
           -0.656250  0.000000  0.843750
   -5.329   -1.561    1.158    2.491    7.793   10.116   12.533   12.903   15.105   16.663
           -0.662500  0.000000  0.837500
   -5.332   -1.562    1.150    2.532    7.716   10.109   12.614   12.978   15.029   16.588
           -0.668750  0.000000  0.831250
   -5.334   -1.563    1.143    2.571    7.644   10.103   12.695   13.052   14.953   16.514
           -0.675000  0.000000  0.825000
   -5.337   -1.563    1.136    2.609    7.575   10.097   12.775   13.123   14.876   16.441
           -0.681250  0.000000  0.818750
   -5.339   -1.564    1.130    2.645    7.511   10.092   12.855   13.193   14.799   16.370
           -0.687500  0.000000  0.812500
   -5.341   -1.565    1.124    2.680    7.451   10.087   12.935   13.259   14.723   16.302
           -0.693750  0.000000  0.806250
   -5.343   -1.566    1.119    2.712    7.395   10.083   13.014   13.322   14.647   16.238
           -0.700000  0.000000  0.800000
   -5.345   -1.567    1.114    2.741    7.345   10.079   13.092   13.381   14.571   16.177
           -0.706250  0.000000  0.793750
   -5.347   -1.567    1.110    2.768    7.300   10.075   13.169   13.436   14.497   16.121
           -0.712500  0.000000  0.787500
   -5.348   -1.568    1.106    2.791    7.260   10.072   13.243   13.485   14.425   16.070
           -0.718750  0.000000  0.781250
   -5.349   -1.568    1.103    2.812    7.226   10.069   13.314   13.529   14.355   16.025
           -0.725000  0.000000  0.775000
   -5.350   -1.569    1.101    2.829    7.198   10.067   13.381   13.565   14.290   15.987
           -0.731250  0.000000  0.768750
   -5.351   -1.569    1.099    2.842    7.176   10.065   13.441   13.595   14.232   15.956
           -0.737500  0.000000  0.762500
   -5.351   -1.569    1.097    2.852    7.161   10.064   13.490   13.616   14.184   15.934
           -0.743750  0.000000  0.756250
   -5.352   -1.570    1.097    2.858    7.151   10.064   13.523   13.628   14.152   15.920
           -0.750000  0.000000  0.750000
   -5.352   -1.570    1.096    2.860    7.148   10.063   13.535   13.632   14.141   15.916
           -0.731250  0.000000  0.731250
   -5.375   -1.537    1.039    2.924    7.219   10.429   13.325   13.472   13.889   15.690
           -0.712500  0.000000  0.712500
   -5.403   -1.501    0.999    2.992    7.294   10.787   13.116   13.329   13.644   15.472
           -0.693750  0.000000  0.693750
   -5.438   -1.461    0.977    3.064    7.373   11.123   12.911   13.212   13.410   15.260
           -0.675000  0.000000  0.675000
   -5.479   -1.415    0.973    3.139    7.454   11.416   12.708   13.096   13.234   15.056
           -0.656250  0.000000  0.656250
   -5.527   -1.363    0.986    3.217    7.538   11.631   12.510   12.898   13.234   14.860
           -0.637500  0.000000  0.637500
   -5.582   -1.303    1.014    3.298    7.624   11.742   12.316   12.676   13.376   14.673
           -0.618750  0.000000  0.618750
   -5.643   -1.235    1.059    3.381    7.711   11.757   12.126   12.456   13.625   14.494
           -0.600000  0.000000  0.600000
   -5.710   -1.158    1.117    3.466    7.799   11.710   11.941   12.241   13.943   14.325
           -0.581250  0.000000  0.581250
   -5.782   -1.071    1.189    3.552    7.885   11.631   11.762   12.032   14.165   14.296
           -0.562500  0.000000  0.562500
   -5.860   -0.975    1.274    3.641    7.970   11.539   11.588   11.830   14.016   14.662
           -0.543750  0.000000  0.543750
   -5.941   -0.868    1.369    3.730    8.052   11.419   11.442   11.636   13.877   15.024
           -0.525000  0.000000  0.525000
   -6.025   -0.750    1.476    3.819    8.129   11.256   11.340   11.458   13.749   15.367
           -0.506250  0.000000  0.506250
   -6.112   -0.623    1.591    3.908    8.199   11.099   11.211   11.322   13.634   15.676
           -0.487500  0.000000  0.487500
   -6.200   -0.485    1.716    3.998    8.262   10.947   11.050   11.234   13.530   15.933
           -0.468750  0.000000  0.468750
   -6.290   -0.337    1.849    4.086    8.315   10.802   10.884   11.172   13.439   16.118
           -0.450000  0.000000  0.450000
   -6.379   -0.179    1.989    4.172    8.356   10.662   10.721   11.127   13.361   16.219
           -0.431250  0.000000  0.431250
   -6.469   -0.011    2.135    4.257    8.385   10.529   10.565   11.097   13.297   16.233
           -0.412500  0.000000  0.412500
   -6.557    0.166    2.288    4.340    8.401   10.401   10.414   11.081   13.247   16.164
           -0.393750  0.000000  0.393750
   -6.645    0.352    2.446    4.419    8.404   10.271   10.279   11.077   13.212   16.027
           -0.375000  0.000000  0.375000
   -6.730    0.547    2.608    4.496    8.394   10.135   10.163   11.081   13.193   15.841
           -0.356250  0.000000  0.356250
   -6.813    0.750    2.774    4.568    8.373   10.006   10.053   11.087   13.188   15.626
           -0.337500  0.000000  0.337500
   -6.893    0.961    2.944    4.637    8.342    9.885    9.949   11.091   13.200   15.401
           -0.318750  0.000000  0.318750
   -6.970    1.181    3.116    4.702    8.303    9.772    9.851   11.084   13.227   15.182
           -0.300000  0.000000  0.300000
   -7.044    1.408    3.289    4.762    8.255    9.667    9.759   11.060   13.271   14.984
           -0.281250  0.000000  0.281250
   -7.115    1.642    3.462    4.818    8.202    9.569    9.672   11.012   13.331   14.816
           -0.262500  0.000000  0.262500
   -7.182    1.883    3.635    4.869    8.143    9.480    9.591   10.932   13.408   14.687
           -0.243750  0.000000  0.243750
   -7.244    2.130    3.805    4.915    8.078    9.400    9.515   10.820   13.500   14.600
           -0.225000  0.000000  0.225000
   -7.303    2.383    3.973    4.957    8.007    9.328    9.446   10.677   13.607   14.554
           -0.206250  0.000000  0.206250
   -7.358    2.642    4.136    4.994    7.930    9.265    9.382   10.506   13.730   14.538
           -0.187500  0.000000  0.187500
   -7.408    2.905    4.293    5.027    7.846    9.211    9.323   10.317   13.868   14.534
           -0.168750  0.000000  0.168750
   -7.453    3.172    4.442    5.056    7.751    9.165    9.270   10.117   14.019   14.496
           -0.150000  0.000000  0.150000
   -7.494    3.442    4.582    5.081    7.645    9.128    9.223    9.917   14.182   14.384
           -0.131250  0.000000  0.131250
   -7.531    3.713    4.710    5.102    7.524    9.099    9.181    9.724   14.231   14.356
           -0.112500  0.000000  0.112500
   -7.562    3.983    4.825    5.120    7.387    9.078    9.145    9.548   14.072   14.539
           -0.093750  0.000000  0.093750
   -7.589    4.250    4.926    5.135    7.233    9.063    9.114    9.394   13.923   14.727
           -0.075000  0.000000  0.075000
   -7.611    4.508    5.011    5.147    7.066    9.054    9.089    9.267   13.792   14.915
           -0.056250  0.000000  0.056250
   -7.628    4.749    5.078    5.155    6.893    9.048    9.070    9.169   13.686   15.095
           -0.037500  0.000000  0.037500
   -7.641    4.958    5.127    5.162    6.731    9.046    9.056    9.099   13.606   15.253
           -0.018750  0.000000  0.018750
   -7.648    5.109    5.157    5.165    6.607    9.045    9.047    9.058   13.558   15.366
            0.000000  0.000000  0.000000
   -7.650    5.167    5.167    5.167    6.559    9.044    9.044    9.044   13.541   15.408
